position,age_kyr_bp,variance,lag1_ac,ktau_variance,ktau_lag1_ac,segment_type,element,p_fold,p_hopf,p_transcritical,p_null,p_transition
182,12.771,47394.024433551676,0.32657271680803834,-0.014100638488234243,-0.07232444667999775,neutral,Ti,0.32530546,0.27836782,0.39625028,7.640218e-05,0.9999236
186,12.743,48248.01561545852,0.3406535636174331,-0.014100638488234243,-0.07232444667999775,neutral,Ti,0.3127761,0.4243543,0.2626163,0.00025333517,0.9997467
191,12.708,49164.834191331895,0.3489102328949377,-0.014100638488234243,-0.07232444667999775,neutral,Ti,0.27439782,0.26212332,0.46341017,6.8689034e-05,0.99993134
196,12.673,48848.731931066664,0.35152380207217315,-0.014100638488234243,-0.07232444667999775,neutral,Ti,0.53980404,0.19268648,0.26738957,0.00011997589,0.99988
200,12.644,49802.596449703124,0.3670853669112757,-0.014100638488234243,-0.07232444667999775,neutral,Ti,0.39183593,0.16726753,0.44086912,2.748659e-05,0.9999725
205,12.608,48459.08060123195,0.39587846173205826,-0.014100638488234243,-0.07232444667999775,neutral,Ti,0.22530788,0.17596014,0.59870183,3.020665e-05,0.9999698
210,12.573,47701.35778806192,0.40118458726483036,-0.014100638488234243,-0.07232444667999775,neutral,Ti,0.27598166,0.1542554,0.5697478,1.5152503e-05,0.99998486
214,12.545,46900.66780049403,0.42029429522730144,-0.014100638488234243,-0.07232444667999775,neutral,Ti,0.33325318,0.1492109,0.5175238,1.2135289e-05,0.99998784
219,12.51,47976.14910993568,0.42564297178236243,-0.014100638488234243,-0.07232444667999775,neutral,Ti,0.29731724,0.2611454,0.44152892,8.44502e-06,0.99999154
224,12.474,46820.026922290184,0.4137271700179335,-0.014100638488234243,-0.07232444667999775,neutral,Ti,0.29874644,0.28712246,0.41411707,1.40105e-05,0.999986
228,12.446,46186.738060963646,0.4145824140255262,-0.014100638488234243,-0.07232444667999775,neutral,Ti,0.5413359,0.22623919,0.23238307,4.1892148e-05,0.9999581
233,12.411,46707.11649958333,0.4093706591018685,-0.014100638488234243,-0.07232444667999775,neutral,Ti,0.4117586,0.26135898,0.32687247,9.908637e-06,0.9999901
238,12.375,45307.04535452861,0.3971715724302184,-0.014100638488234243,-0.07232444667999775,neutral,Ti,0.51296014,0.20062873,0.2864031,8.057425e-06,0.99999195
243,12.337,47238.077135892716,0.36317362023842764,-0.014100638488234243,-0.07232444667999775,neutral,Ti,0.35176152,0.2848344,0.3634012,2.830958e-06,0.9999972
247,12.307,47664.78539317109,0.3571314693000718,-0.014100638488234243,-0.07232444667999775,neutral,Ti,0.4383356,0.24290325,0.31875682,4.3179316e-06,0.9999957
252,12.27,47745.396434028844,0.3319683558549592,-0.014100638488234243,-0.07232444667999775,neutral,Ti,0.4271605,0.25168917,0.3211456,4.66843e-06,0.99999535
257,12.233,47384.79227811276,0.3249997419644241,-0.014100638488234243,-0.07232444667999775,neutral,Ti,0.5696973,0.27234375,0.15793385,2.5047024e-05,0.99997497
261,12.203,48550.566757499306,0.3394366807658825,-0.014100638488234243,-0.07232444667999775,neutral,Ti,0.28583142,0.33660865,0.37755173,8.190224e-06,0.99999183
266,12.165,49083.8190549707,0.3508720960616626,-0.014100638488234243,-0.07232444667999775,neutral,Ti,0.40680417,0.22169177,0.37149936,4.673598e-06,0.99999535
271,12.127,49382.69393894564,0.35317789578173736,-0.014100638488234243,-0.07232444667999775,neutral,Ti,0.5819563,0.08008649,0.3379554,1.8943808e-06,0.9999981
275,12.097,50353.882773528814,0.36358098303345987,-0.014100638488234243,-0.07232444667999775,neutral,Ti,0.38901013,0.15257056,0.45841873,5.810621e-07,0.9999994
280,12.06,48170.42091127203,0.3994848329737366,-0.014100638488234243,-0.07232444667999775,neutral,Ti,0.2013703,0.048376933,0.7502525,2.3029591e-07,0.99999976
285,12.024,48011.66589280247,0.41039438315980253,-0.014100638488234243,-0.07232444667999775,neutral,Ti,0.69046694,0.10865408,0.20087555,3.3411427e-06,0.99999666
289,11.997,47472.8747119337,0.42763638660578535,-0.014100638488234243,-0.07232444667999775,neutral,Ti,0.57653713,0.10336593,0.3200967,2.902637e-07,0.9999997
294,11.962,47002.196797396595,0.4162000704818647,-0.014100638488234243,-0.07232444667999775,neutral,Ti,0.72986495,0.11985997,0.15027076,4.3139075e-06,0.9999957
299,11.928,46306.79095643414,0.4148839992038768,-0.014100638488234243,-0.07232444667999775,neutral,Ti,0.61016554,0.13855468,0.25127676,2.9680748e-06,0.999997
304,11.893,46510.82479378584,0.40627865982710715,-0.014100638488234243,-0.07232444667999775,neutral,Ti,0.6561171,0.14642446,0.19745612,2.3214693e-06,0.9999977
308,11.865,45911.591930503644,0.39895522283661466,-0.014100638488234243,-0.07232444667999775,neutral,Ti,0.5949004,0.13404536,0.27105233,1.909035e-06,0.9999981
313,11.83,45065.00460443193,0.3926775447069412,-0.014100638488234243,-0.07232444667999775,neutral,Ti,0.85412145,0.064914055,0.08096286,1.6513151e-06,0.99999833
318,11.795,47110.56052518418,0.35341964612884086,-0.014100638488234243,-0.07232444667999775,neutral,Ti,0.69374245,0.13340634,0.17284952,1.7381104e-06,0.9999983
322,11.767,46765.04249725135,0.33608088809130077,-0.014100638488234243,-0.07232444667999775,neutral,Ti,0.70694673,0.089996,0.20305529,1.9291112e-06,0.9999981
327,11.732,47622.57039014674,0.3292644898608348,-0.014100638488234243,-0.07232444667999775,neutral,Ti,0.8337113,0.050880935,0.115404546,3.1961945e-06,0.9999968
332,11.699,48248.01561545852,0.3406535636174331,-0.014100638488234243,-0.07232444667999775,neutral,Ti,0.74387574,0.12578729,0.13033295,4.018923e-06,0.999996
336,11.674,49193.06851052177,0.3494216717432825,-0.014100638488234243,-0.07232444667999775,neutral,Ti,0.7421234,0.09256725,0.16530757,1.6504986e-06,0.99999833
341,11.645,48852.844465075585,0.35127092310008423,-0.014100638488234243,-0.07232444667999775,neutral,Ti,0.8023602,0.020716848,0.17692089,2.1471858e-06,0.99999785
346,11.615,49802.596449703124,0.3670853669112757,-0.014100638488234243,-0.07232444667999775,neutral,Ti,0.6638303,0.025965402,0.31020328,1.082717e-06,0.9999989
350,11.592,50517.93132116261,0.3814657649240782,-0.014100638488234243,-0.07232444667999775,neutral,Ti,0.69610876,0.018776214,0.28511184,3.2408616e-06,0.9999968
355,11.562,47832.001585768,0.3934128970378461,-0.014100638488234243,-0.07232444667999775,neutral,Ti,0.6991046,0.0332494,0.2676454,5.7345477e-07,0.9999994
360,11.531,46900.66780049403,0.42029429522730144,-0.014100638488234243,-0.07232444667999775,neutral,Ti,0.7626499,0.08292173,0.1544282,2.2445374e-07,0.99999976
365,11.502,47976.14910993568,0.42564297178236243,-0.014100638488234243,-0.07232444667999775,neutral,Ti,0.85893065,0.04997631,0.091091186,1.8608557e-06,0.99999815
182,12.771,46681.031606500495,0.47212056075431735,-0.014100638488234243,-0.07232444667999775,neutral,Ti,0.4822525,0.26095825,0.25544196,0.0013473673,0.99865264
186,12.743,51104.54026489128,0.5141067724110977,-0.014100638488234243,-0.07232444667999775,neutral,Ti,0.44449645,0.312932,0.24156615,0.0010053862,0.9989946
191,12.708,50975.830180141675,0.5144372045094462,-0.014100638488234243,-0.07232444667999775,neutral,Ti,0.38795424,0.2998328,0.31016722,0.0020456875,0.9979543
196,12.673,51566.67235732222,0.5279350862162966,-0.014100638488234243,-0.07232444667999775,neutral,Ti,0.47652918,0.2884188,0.23391232,0.0011397714,0.99886024
200,12.644,50956.93969793011,0.5291899010740078,-0.014100638488234243,-0.07232444667999775,neutral,Ti,0.46221495,0.27025276,0.26647145,0.0010608388,0.99893916
205,12.608,50550.26890440553,0.5155894396761221,-0.014100638488234243,-0.07232444667999775,neutral,Ti,0.58362645,0.2361231,0.17978923,0.00046126707,0.9995387
210,12.573,50225.06304759201,0.5202140677435497,-0.014100638488234243,-0.07232444667999775,neutral,Ti,0.4417849,0.20985016,0.34799293,0.00037199282,0.999628
214,12.545,49483.423919643756,0.5268436046110416,-0.014100638488234243,-0.07232444667999775,neutral,Ti,0.31782106,0.21869206,0.46297982,0.0005071121,0.9994929
219,12.51,46939.34665267577,0.5093138019003175,-0.014100638488234243,-0.07232444667999775,neutral,Ti,0.41149053,0.23927526,0.34878647,0.00044776825,0.99955225
224,12.474,43975.576690061775,0.49184484644174375,-0.014100638488234243,-0.07232444667999775,neutral,Ti,0.5085644,0.22001894,0.2708945,0.00052222237,0.9994778
228,12.446,44375.041821884,0.49777274665628396,-0.014100638488234243,-0.07232444667999775,neutral,Ti,0.3947744,0.28078502,0.32421538,0.00022522575,0.99977475
233,12.411,43873.71735113338,0.4817242703323763,-0.014100638488234243,-0.07232444667999775,neutral,Ti,0.4698001,0.23168871,0.29815862,0.00035262186,0.9996474
238,12.375,44638.66389852225,0.4878877852788608,-0.014100638488234243,-0.07232444667999775,neutral,Ti,0.29678184,0.17254929,0.53058004,8.8837965e-05,0.9999112
243,12.337,45604.50542826529,0.4977307853570101,-0.014100638488234243,-0.07232444667999775,neutral,Ti,0.56832874,0.2814116,0.1500005,0.00025918862,0.99974084
247,12.307,45371.57492428907,0.4933882305547791,-0.014100638488234243,-0.07232444667999775,neutral,Ti,0.511505,0.22814846,0.2598849,0.00046173861,0.99953824
252,12.27,46836.70612416442,0.48392575289509315,-0.014100638488234243,-0.07232444667999775,neutral,Ti,0.49335843,0.28380957,0.22269817,0.00013385725,0.9998661
257,12.233,50073.84322160165,0.499710217019154,-0.014100638488234243,-0.07232444667999775,neutral,Ti,0.3614934,0.3244779,0.3139936,3.5113404e-05,0.9999649
261,12.203,51393.64108815603,0.5229710215067037,-0.014100638488234243,-0.07232444667999775,neutral,Ti,0.39396605,0.32070085,0.28528196,5.120587e-05,0.9999488
266,12.165,51313.57303358661,0.5098081278664983,-0.014100638488234243,-0.07232444667999775,neutral,Ti,0.38009915,0.26062554,0.35922873,4.6549227e-05,0.99995345
271,12.127,51426.38513246009,0.5375268719091123,-0.014100638488234243,-0.07232444667999775,neutral,Ti,0.3488035,0.28235,0.36880592,4.052932e-05,0.99995947
275,12.097,50840.58915819046,0.5254215700017016,-0.014100638488234243,-0.07232444667999775,neutral,Ti,0.5486382,0.3013322,0.14997469,5.4874177e-05,0.9999451
280,12.06,50059.987777118775,0.5193099229576265,-0.014100638488234243,-0.07232444667999775,neutral,Ti,0.62583256,0.24236636,0.13176742,3.353586e-05,0.99996644
285,12.024,49857.12422159876,0.5138267574723924,-0.014100638488234243,-0.07232444667999775,neutral,Ti,0.5317858,0.20645183,0.26175034,1.2070593e-05,0.9999879
289,11.997,48793.092456853934,0.5323721049956358,-0.014100638488234243,-0.07232444667999775,neutral,Ti,0.6132043,0.14975989,0.23699455,4.1237898e-05,0.99995875
294,11.962,44605.51173999193,0.5009514493395928,-0.014100638488234243,-0.07232444667999775,neutral,Ti,0.5991452,0.16455472,0.23628098,1.9149462e-05,0.99998087
299,11.928,44357.80872729792,0.4890444977596541,-0.014100638488234243,-0.07232444667999775,neutral,Ti,0.54102033,0.20006503,0.2588837,3.093012e-05,0.99996907
304,11.893,43909.73423673376,0.4950731965013324,-0.014100638488234243,-0.07232444667999775,neutral,Ti,0.6683699,0.20208357,0.12951556,3.09796e-05,0.999969
308,11.865,43705.353388079675,0.4757918068639828,-0.014100638488234243,-0.07232444667999775,neutral,Ti,0.73236924,0.14899391,0.11861396,2.2966231e-05,0.99997705
313,11.83,44591.82105903273,0.488763472625133,-0.014100638488234243,-0.07232444667999775,neutral,Ti,0.6168229,0.17818376,0.20496851,2.4815454e-05,0.9999752
318,11.795,45468.188930033466,0.4914910262799631,-0.014100638488234243,-0.07232444667999775,neutral,Ti,0.6251791,0.2599355,0.114867,1.8348617e-05,0.99998164
322,11.767,45702.306776961595,0.4951962216854342,-0.014100638488234243,-0.07232444667999775,neutral,Ti,0.5967989,0.25591874,0.14726432,1.8062257e-05,0.99998194
327,11.732,46565.435066668695,0.47956272211477874,-0.014100638488234243,-0.07232444667999775,neutral,Ti,0.49023327,0.24075747,0.26899916,1.0128959e-05,0.99998987
332,11.699,51104.54026489128,0.5141067724110977,-0.014100638488234243,-0.07232444667999775,neutral,Ti,0.7372465,0.11298284,0.14973432,3.640666e-05,0.9999636
336,11.674,50855.16747726415,0.5167479545730862,-0.014100638488234243,-0.07232444667999775,neutral,Ti,0.7615497,0.11799237,0.120383814,7.417307e-05,0.99992585
341,11.645,51221.43011165872,0.5242698842993355,-0.014100638488234243,-0.07232444667999775,neutral,Ti,0.70548934,0.21957523,0.074892394,4.3089927e-05,0.9999569
346,11.615,50956.93969793011,0.5291899010740078,-0.014100638488234243,-0.07232444667999775,neutral,Ti,0.7136745,0.1042814,0.182014,3.0062993e-05,0.99996996
350,11.592,50950.2756828213,0.5200987367992868,-0.014100638488234243,-0.07232444667999775,neutral,Ti,0.77187383,0.048397545,0.17971407,1.4642917e-05,0.99998534
355,11.562,50160.454337492214,0.5203404646750244,-0.014100638488234243,-0.07232444667999775,neutral,Ti,0.7629996,0.056201555,0.18076657,3.2261065e-05,0.99996775
360,11.531,49483.423919643756,0.5268436046110416,-0.014100638488234243,-0.07232444667999775,neutral,Ti,0.7411864,0.07031449,0.1884708,2.8333441e-05,0.9999717
365,11.502,46939.34665267577,0.5093138019003175,-0.014100638488234243,-0.07232444667999775,neutral,Ti,0.8333434,0.06368155,0.102831036,0.00014391576,0.99985605
182,12.771,47910.572586493785,0.41763558522958844,-0.014100638488234243,-0.07232444667999775,neutral,Ti,0.4284411,0.2255181,0.34561253,0.00042816027,0.99957186
186,12.743,46633.50152655294,0.419395867224194,-0.014100638488234243,-0.07232444667999775,neutral,Ti,0.36804044,0.20433894,0.42699057,0.0006300745,0.9993699
191,12.708,46845.987514434186,0.4151098113706018,-0.014100638488234243,-0.07232444667999775,neutral,Ti,0.40202686,0.22464079,0.3728588,0.00047346784,0.99952656
196,12.673,45859.562585424814,0.3754237172495444,-0.014100638488234243,-0.07232444667999775,neutral,Ti,0.4522054,0.21763377,0.3300479,0.00011285986,0.99988717
200,12.644,45638.121936535186,0.3854289387435886,-0.014100638488234243,-0.07232444667999775,neutral,Ti,0.37359032,0.23156798,0.3946123,0.0002293301,0.99977064
205,12.608,44155.58537432549,0.3781389814367337,-0.014100638488234243,-0.07232444667999775,neutral,Ti,0.48308757,0.20964037,0.3071208,0.00015126137,0.9998487
210,12.573,43807.18934707506,0.3766023770849977,-0.014100638488234243,-0.07232444667999775,neutral,Ti,0.5485678,0.21661796,0.23460133,0.00021291102,0.9997871
214,12.545,45061.72976083692,0.38573860154333384,-0.014100638488234243,-0.07232444667999775,neutral,Ti,0.28383875,0.2121498,0.5039795,3.1893105e-05,0.9999681
219,12.51,47444.11051853985,0.36974554531016635,-0.014100638488234243,-0.07232444667999775,neutral,Ti,0.43054208,0.26907176,0.300247,0.00013907798,0.99986094
224,12.474,48510.97491212549,0.3779217542878148,-0.014100638488234243,-0.07232444667999775,neutral,Ti,0.30703723,0.19480346,0.49809855,6.078301e-05,0.9999392
228,12.446,48311.85077249852,0.3795899598198614,-0.014100638488234243,-0.07232444667999775,neutral,Ti,0.43862906,0.24277,0.3185206,8.042349e-05,0.9999196
233,12.411,49549.62174081482,0.4205088663668042,-0.014100638488234243,-0.07232444667999775,neutral,Ti,0.3684466,0.21621089,0.41532877,1.3761184e-05,0.99998623
238,12.375,50895.26060645257,0.4164844675180415,-0.014100638488234243,-0.07232444667999775,neutral,Ti,0.3410478,0.20886295,0.4500809,8.363084e-06,0.99999166
243,12.337,51517.15760627361,0.4219388790240138,-0.014100638488234243,-0.07232444667999775,neutral,Ti,0.37485012,0.22599706,0.3991469,5.8789947e-06,0.9999941
247,12.307,51623.75279800059,0.41791249195615326,-0.014100638488234243,-0.07232444667999775,neutral,Ti,0.2580135,0.1455695,0.59641343,3.5391245e-06,0.9999965
252,12.27,50466.018188279886,0.42484592225786383,-0.014100638488234243,-0.07232444667999775,neutral,Ti,0.25030485,0.1379897,0.611704,1.5046357e-06,0.9999985
257,12.233,46597.533003695724,0.41354451919483803,-0.014100638488234243,-0.07232444667999775,neutral,Ti,0.28259122,0.20028819,0.5171073,1.3257711e-05,0.99998677
261,12.203,46584.86497628728,0.41297632401548445,-0.014100638488234243,-0.07232444667999775,neutral,Ti,0.2976252,0.24281794,0.4595449,1.1910578e-05,0.9999881
266,12.165,46593.88600971454,0.40889094038546775,-0.014100638488234243,-0.07232444667999775,neutral,Ti,0.4672332,0.27346823,0.2592957,2.9046198e-06,0.9999971
271,12.127,45964.28593735006,0.3704820502288083,-0.014100638488234243,-0.07232444667999775,neutral,Ti,0.7090573,0.15143602,0.13949864,8.156051e-06,0.99999183
275,12.097,44379.07097733957,0.3718409993250422,-0.014100638488234243,-0.07232444667999775,neutral,Ti,0.73181224,0.11602223,0.1521547,1.0822142e-05,0.99998915
280,12.06,44085.93368592714,0.3768239417336232,-0.014100638488234243,-0.07232444667999775,neutral,Ti,0.5779344,0.22330743,0.1987539,4.353689e-06,0.99999565
285,12.024,45663.59242886541,0.37330006329152604,-0.014100638488234243,-0.07232444667999775,neutral,Ti,0.25430447,0.13208084,0.6136125,2.2022662e-06,0.9999978
289,11.997,45030.766981541834,0.37394820722482064,-0.014100638488234243,-0.07232444667999775,neutral,Ti,0.42519015,0.1512175,0.42359015,2.179914e-06,0.9999978
294,11.962,48450.60951412572,0.38847704430220037,-0.014100638488234243,-0.07232444667999775,neutral,Ti,0.7160624,0.13382338,0.15010692,7.322268e-06,0.99999267
299,11.928,48524.93261077409,0.3856453021601865,-0.014100638488234243,-0.07232444667999775,neutral,Ti,0.6756567,0.1601592,0.16417733,6.7994965e-06,0.9999932
304,11.893,48708.42882368103,0.40760170806508744,-0.014100638488234243,-0.07232444667999775,neutral,Ti,0.68742645,0.14419301,0.16837749,3.0634544e-06,0.99999696
308,11.865,49749.29964736238,0.4287820460955035,-0.014100638488234243,-0.07232444667999775,neutral,Ti,0.7519998,0.09592028,0.15207824,1.6632036e-06,0.99999833
313,11.83,51081.17439379357,0.42509090425154245,-0.014100638488234243,-0.07232444667999775,neutral,Ti,0.51266867,0.091526635,0.39580292,1.7976367e-06,0.9999982
318,11.795,51532.18831647743,0.4228321067352183,-0.014100638488234243,-0.07232444667999775,neutral,Ti,0.4187105,0.05959858,0.5216904,5.4761597e-07,0.99999946
322,11.767,49870.392176113324,0.4231032333958717,-0.014100638488234243,-0.07232444667999775,neutral,Ti,0.62103903,0.041860998,0.33709806,2.0058646e-06,0.999998
327,11.732,50214.93534463244,0.4282323786616153,-0.014100638488234243,-0.07232444667999775,neutral,Ti,0.7309647,0.053957637,0.2150773,3.381782e-07,0.99999964
332,11.699,46633.50152655294,0.419395867224194,-0.014100638488234243,-0.07232444667999775,neutral,Ti,0.55104107,0.069993034,0.37896237,3.4658049e-06,0.99999654
336,11.674,46918.50670828099,0.41640528807720584,-0.014100638488234243,-0.07232444667999775,neutral,Ti,0.6326475,0.09203802,0.27531186,2.6451899e-06,0.9999974
341,11.645,46409.468492123255,0.3804594630936081,-0.014100638488234243,-0.07232444667999775,neutral,Ti,0.7434548,0.0818435,0.17469923,2.4543237e-06,0.99999756
346,11.615,45638.121936535186,0.3854289387435886,-0.014100638488234243,-0.07232444667999775,neutral,Ti,0.6195629,0.060138322,0.32029566,3.1347577e-06,0.99999684
350,11.592,44568.26725203956,0.37707415320066434,-0.014100638488234243,-0.07232444667999775,neutral,Ti,0.82076854,0.040629726,0.13859758,4.179929e-06,0.9999958
355,11.562,44169.54570610968,0.3779468292737674,-0.014100638488234243,-0.07232444667999775,neutral,Ti,0.82187223,0.068247065,0.109879114,1.551085e-06,0.99999845
360,11.531,45061.72976083692,0.38573860154333384,-0.014100638488234243,-0.07232444667999775,neutral,Ti,0.52576166,0.044750478,0.42948744,4.4375562e-07,0.9999996
365,11.502,47444.11051853985,0.36974554531016635,-0.014100638488234243,-0.07232444667999775,neutral,Ti,0.7290482,0.017738711,0.2532096,3.4791453e-06,0.99999654
182,12.771,45154.272450410055,0.4458575906368379,-0.014100638488234243,-0.07232444667999775,neutral,Ti,0.4545019,0.25005466,0.29402038,0.0014229595,0.99857706
186,12.743,44596.55418458917,0.4054519490065307,-0.014100638488234243,-0.07232444667999775,neutral,Ti,0.54608446,0.21884708,0.23342492,0.0016435432,0.99835646
191,12.708,44574.74875885402,0.3969545389492392,-0.014100638488234243,-0.07232444667999775,neutral,Ti,0.5004328,0.24290149,0.25557786,0.0010879544,0.99891204
196,12.673,47195.41825375069,0.4387883837454973,-0.014100638488234243,-0.07232444667999775,neutral,Ti,0.45375723,0.2711472,0.27431732,0.0007782425,0.99922174
200,12.644,47344.68815206625,0.4297782176492489,-0.014100638488234243,-0.07232444667999775,neutral,Ti,0.31983024,0.24313293,0.43678573,0.00025107956,0.99974895
205,12.608,46973.26290665577,0.4261487160254993,-0.014100638488234243,-0.07232444667999775,neutral,Ti,0.4166557,0.21895,0.36411884,0.00027550381,0.9997245
210,12.573,46451.5519201956,0.42809987808829114,-0.014100638488234243,-0.07232444667999775,neutral,Ti,0.5007704,0.2227817,0.27625436,0.00019349936,0.9998065
214,12.545,47188.880530322334,0.44062154562287786,-0.014100638488234243,-0.07232444667999775,neutral,Ti,0.4033202,0.25133473,0.34514517,0.00020000164,0.9998
219,12.51,49735.92409480884,0.4368656090459982,-0.014100638488234243,-0.07232444667999775,neutral,Ti,0.3568368,0.26442143,0.3785373,0.00020447942,0.9997955
224,12.474,51072.293192967605,0.4754995089972641,-0.014100638488234243,-0.07232444667999775,neutral,Ti,0.32150748,0.26477674,0.41359687,0.00011893171,0.9998811
228,12.446,50789.550031182385,0.4709055703629105,-0.014100638488234243,-0.07232444667999775,neutral,Ti,0.4286711,0.24772473,0.32356554,3.8597598e-05,0.9999614
233,12.411,48374.89410564415,0.4400853681022019,-0.014100638488234243,-0.07232444667999775,neutral,Ti,0.35571423,0.14090978,0.50330174,7.425021e-05,0.99992573
238,12.375,48289.806712069505,0.45098174696466165,-0.014100638488234243,-0.07232444667999775,neutral,Ti,0.32559073,0.17631604,0.4980722,2.0989177e-05,0.999979
243,12.337,48868.79482461274,0.45575873352546337,-0.014100638488234243,-0.07232444667999775,neutral,Ti,0.17625032,0.15870975,0.665028,1.2000249e-05,0.999988
247,12.307,49176.96605421722,0.45620927967742286,-0.014100638488234243,-0.07232444667999775,neutral,Ti,0.6254889,0.19697595,0.1774857,4.9489343e-05,0.9999505
252,12.27,45576.58760467819,0.4358496204461759,-0.014100638488234243,-0.07232444667999775,neutral,Ti,0.47721335,0.34109616,0.18162452,6.604701e-05,0.99993396
257,12.233,44948.82885358164,0.42834580347370377,-0.014100638488234243,-0.07232444667999775,neutral,Ti,0.5638239,0.2696957,0.16643901,4.1380255e-05,0.99995863
261,12.203,44420.81491995569,0.4079584470699327,-0.014100638488234243,-0.07232444667999775,neutral,Ti,0.35709074,0.23483983,0.40805072,1.8676932e-05,0.99998134
266,12.165,44538.875550337274,0.41088269189245036,-0.014100638488234243,-0.07232444667999775,neutral,Ti,0.64457196,0.22645354,0.12893729,3.7271424e-05,0.99996275
271,12.127,47373.92228150047,0.4397457395849772,-0.014100638488234243,-0.07232444667999775,neutral,Ti,0.6477504,0.1838554,0.16835544,3.8782877e-05,0.9999612
275,12.097,47163.3483092129,0.42889322983445644,-0.014100638488234243,-0.07232444667999775,neutral,Ti,0.63686746,0.15216671,0.21094474,2.1089185e-05,0.9999789
280,12.06,46717.836284946694,0.4246837891643912,-0.014100638488234243,-0.07232444667999775,neutral,Ti,0.6791539,0.23393048,0.08690569,9.842518e-06,0.99999017
285,12.024,46872.1303081463,0.43414254429272753,-0.014100638488234243,-0.07232444667999775,neutral,Ti,0.56617886,0.25816184,0.17565408,5.2902537e-06,0.9999947
289,11.997,49520.93991991001,0.43605134432765924,-0.014100638488234243,-0.07232444667999775,neutral,Ti,0.50875854,0.1544628,0.33676988,8.82124e-06,0.9999912
294,11.962,49752.13030769032,0.45167400198345425,-0.014100638488234243,-0.07232444667999775,neutral,Ti,0.6486278,0.15677929,0.19458054,1.2433276e-05,0.99998754
299,11.928,50842.04180232071,0.4718504432233134,-0.014100638488234243,-0.07232444667999775,neutral,Ti,0.38840997,0.3287914,0.28279564,2.975077e-06,0.999997
304,11.893,48459.09659390043,0.44549201916302894,-0.014100638488234243,-0.07232444667999775,neutral,Ti,0.78181237,0.16537787,0.052806366,3.439777e-06,0.99999654
308,11.865,48003.34893040583,0.4473435165156651,-0.014100638488234243,-0.07232444667999775,neutral,Ti,0.798124,0.04938953,0.15248528,1.2676558e-06,0.99999875
313,11.83,48425.209780840174,0.45158682690930363,-0.014100638488234243,-0.07232444667999775,neutral,Ti,0.6313462,0.04494688,0.3237059,9.790106e-07,0.99999905
318,11.795,48827.71454229911,0.45696355931735727,-0.014100638488234243,-0.07232444667999775,neutral,Ti,0.42722252,0.053606194,0.51916885,2.4616975e-06,0.99999756
322,11.767,48165.31998325567,0.4426706258511587,-0.014100638488234243,-0.07232444667999775,neutral,Ti,0.7650382,0.10147392,0.1334836,4.3010273e-06,0.9999957
327,11.732,45142.4359234141,0.4482782666535446,-0.014100638488234243,-0.07232444667999775,neutral,Ti,0.740913,0.15333456,0.105748765,3.7026464e-06,0.9999963
332,11.699,44596.55418458917,0.4054519490065307,-0.014100638488234243,-0.07232444667999775,neutral,Ti,0.8423723,0.09779217,0.05982953,6.029341e-06,0.999994
336,11.674,44310.20465241563,0.3999340541837008,-0.014100638488234243,-0.07232444667999775,neutral,Ti,0.6443141,0.06322743,0.29245338,5.0353115e-06,0.999995
341,11.645,47242.160410708486,0.4368755953258423,-0.014100638488234243,-0.07232444667999775,neutral,Ti,0.8129146,0.1014548,0.0856271,3.5019095e-06,0.9999965
346,11.615,47344.68815206625,0.4297782176492489,-0.014100638488234243,-0.07232444667999775,neutral,Ti,0.82943666,0.05638187,0.11417198,9.443811e-06,0.9999906
350,11.592,47137.25284192873,0.4291472740201951,-0.014100638488234243,-0.07232444667999775,neutral,Ti,0.73494416,0.11126309,0.15378636,6.3871653e-06,0.9999936
355,11.562,46486.727025081644,0.4256231240303435,-0.014100638488234243,-0.07232444667999775,neutral,Ti,0.72464454,0.051977564,0.22337525,2.6298337e-06,0.9999974
360,11.531,47188.880530322334,0.44062154562287786,-0.014100638488234243,-0.07232444667999775,neutral,Ti,0.66251016,0.03938879,0.29809815,2.9086877e-06,0.9999971
365,11.502,49735.92409480884,0.4368656090459982,-0.014100638488234243,-0.07232444667999775,neutral,Ti,0.8939102,0.020959094,0.08511932,1.14380555e-05,0.99998856
182,12.771,43619.606862907014,0.3869511178349242,-0.014100638488234243,-0.07232444667999775,neutral,Ti,0.27392545,0.22926739,0.49546865,0.0013384799,0.9986615
186,12.743,44995.55696890266,0.40183101397924087,-0.014100638488234243,-0.07232444667999775,neutral,Ti,0.23363455,0.16281247,0.6034819,7.106578e-05,0.99992895
191,12.708,45269.99225429007,0.41507357491606717,-0.014100638488234243,-0.07232444667999775,neutral,Ti,0.51046896,0.20186156,0.28705966,0.0006098551,0.9993901
196,12.673,46786.75609585585,0.43640421458408307,-0.014100638488234243,-0.07232444667999775,neutral,Ti,0.39007398,0.23035857,0.37889114,0.0006762914,0.9993237
200,12.644,49771.26591490681,0.4383224340602043,-0.014100638488234243,-0.07232444667999775,neutral,Ti,0.2347783,0.2077175,0.5570243,0.00047991847,0.99952006
205,12.608,51024.591623763685,0.4311749537623168,-0.014100638488234243,-0.07232444667999775,neutral,Ti,0.43899477,0.27371982,0.28650868,0.000776691,0.9992233
210,12.573,50328.55140352371,0.4255227561892936,-0.014100638488234243,-0.07232444667999775,neutral,Ti,0.5548456,0.24726054,0.19756703,0.0003269026,0.99967307
214,12.545,51862.88595841037,0.42601846084437345,-0.014100638488234243,-0.07232444667999775,neutral,Ti,0.42620766,0.28995526,0.28373063,0.00010638229,0.9998936
219,12.51,51719.813038259876,0.43108944795201365,-0.014100638488234243,-0.07232444667999775,neutral,Ti,0.483385,0.2504267,0.26598796,0.00020045573,0.99979955
224,12.474,49740.82807171645,0.4180784820989642,-0.014100638488234243,-0.07232444667999775,neutral,Ti,0.31230342,0.22029027,0.46728793,0.00011844418,0.99988157
228,12.446,49823.98504562814,0.40316456276615925,-0.014100638488234243,-0.07232444667999775,neutral,Ti,0.46546236,0.22651494,0.30775234,0.0002704367,0.9997296
233,12.411,46703.19565363305,0.37936889925237566,-0.014100638488234243,-0.07232444667999775,neutral,Ti,0.5272573,0.23608984,0.23647453,0.00017822378,0.9998218
238,12.375,46077.8328540078,0.3863223029042477,-0.014100638488234243,-0.07232444667999775,neutral,Ti,0.54276735,0.159208,0.29795694,6.7748086e-05,0.9999322
243,12.337,44472.424709264,0.3954499464141818,-0.014100638488234243,-0.07232444667999775,neutral,Ti,0.25431955,0.11495336,0.6306395,8.754367e-05,0.99991244
247,12.307,45030.18891159924,0.3958614316901475,-0.014100638488234243,-0.07232444667999775,neutral,Ti,0.25610498,0.23656519,0.5073034,2.649534e-05,0.9999735
252,12.27,43240.77315360265,0.39451522221653623,-0.014100638488234243,-0.07232444667999775,neutral,Ti,0.44259223,0.31060332,0.2467718,3.270505e-05,0.9999673
257,12.233,43868.718669413145,0.384416665829521,-0.014100638488234243,-0.07232444667999775,neutral,Ti,0.4956499,0.30194584,0.2023668,3.750793e-05,0.9999625
261,12.203,45231.61845123124,0.40553884871967516,-0.014100638488234243,-0.07232444667999775,neutral,Ti,0.3969286,0.33156213,0.27150628,3.0720432e-06,0.9999969
266,12.165,45828.00769355372,0.42162086799814436,-0.014100638488234243,-0.07232444667999775,neutral,Ti,0.43800354,0.22697757,0.33501178,7.109095e-06,0.9999929
271,12.127,49445.441518139225,0.444941287792211,-0.014100638488234243,-0.07232444667999775,neutral,Ti,0.30882028,0.22952557,0.46165174,2.4803635e-06,0.9999975
275,12.097,49433.68729161862,0.4429152872871502,-0.014100638488234243,-0.07232444667999775,neutral,Ti,0.27322066,0.2422033,0.48456293,1.313877e-05,0.9999869
280,12.06,51134.28531117688,0.42393464815167475,-0.014100638488234243,-0.07232444667999775,neutral,Ti,0.36444762,0.403839,0.23170571,7.749914e-06,0.99999225
285,12.024,50285.903690012696,0.4180289703038761,-0.014100638488234243,-0.07232444667999775,neutral,Ti,0.6357402,0.29297853,0.07126659,1.469756e-05,0.9999853
289,11.997,51746.27276758658,0.42848717515052254,-0.014100638488234243,-0.07232444667999775,neutral,Ti,0.56210643,0.23336072,0.20452218,1.06952475e-05,0.99998933
294,11.962,50905.20435050296,0.4193364124044484,-0.014100638488234243,-0.07232444667999775,neutral,Ti,0.7630343,0.13202503,0.10492611,1.4600197e-05,0.9999854
299,11.928,49920.8378060032,0.41312078276776254,-0.014100638488234243,-0.07232444667999775,neutral,Ti,0.5622011,0.29870716,0.13908587,5.8897567e-06,0.9999941
304,11.893,48709.85321815339,0.3927848122809943,-0.014100638488234243,-0.07232444667999775,neutral,Ti,0.6351351,0.1430648,0.2217893,1.073854e-05,0.9999893
308,11.865,46270.01639014515,0.38904042168177716,-0.014100638488234243,-0.07232444667999775,neutral,Ti,0.8169911,0.09301539,0.08998651,6.972241e-06,0.999993
313,11.83,45625.65926420776,0.39490171853748995,-0.014100638488234243,-0.07232444667999775,neutral,Ti,0.6885236,0.050275814,0.26119608,4.512565e-06,0.99999547
318,11.795,44775.26313140371,0.4016642975556063,-0.014100638488234243,-0.07232444667999775,neutral,Ti,0.5896869,0.057426307,0.35286912,1.7666343e-05,0.99998236
322,11.767,43205.9057339871,0.395849012575237,-0.014100638488234243,-0.07232444667999775,neutral,Ti,0.7749856,0.1250369,0.09997109,6.417846e-06,0.99999356
327,11.732,43585.29358567501,0.3914846413332889,-0.014100638488234243,-0.07232444667999775,neutral,Ti,0.52926123,0.19129848,0.27943635,3.936837e-06,0.99999607
332,11.699,44995.55696890266,0.40183101397924087,-0.014100638488234243,-0.07232444667999775,neutral,Ti,0.6112581,0.09235918,0.29638252,2.417269e-07,0.99999976
336,11.674,45101.56228589231,0.4121055045676863,-0.014100638488234243,-0.07232444667999775,neutral,Ti,0.70643634,0.0827027,0.21085958,1.3558201e-06,0.9999986
341,11.645,46651.26356898711,0.43358875500565563,-0.014100638488234243,-0.07232444667999775,neutral,Ti,0.70258707,0.06848842,0.22891712,7.349631e-06,0.99999267
346,11.615,49771.26591490681,0.4383224340602043,-0.014100638488234243,-0.07232444667999775,neutral,Ti,0.7069605,0.13113712,0.16188453,1.790745e-05,0.9999821
350,11.592,50111.78875073483,0.4494533245566699,-0.014100638488234243,-0.07232444667999775,neutral,Ti,0.7924561,0.12827815,0.07926257,3.2417183e-06,0.9999968
355,11.562,50938.642829615914,0.42870190478719794,-0.014100638488234243,-0.07232444667999775,neutral,Ti,0.75201756,0.13648914,0.11148693,6.2492095e-06,0.99999374
360,11.531,51862.88595841037,0.42601846084437345,-0.014100638488234243,-0.07232444667999775,neutral,Ti,0.83354634,0.02555554,0.14089449,3.5453918e-06,0.9999965
365,11.502,51719.813038259876,0.43108944795201365,-0.014100638488234243,-0.07232444667999775,neutral,Ti,0.83530307,0.023824684,0.14086582,6.3496855e-06,0.9999936
182,12.771,47282.87471105272,0.446032668319602,-0.014100638488234243,-0.07232444667999775,neutral,Ti,0.5051524,0.22916451,0.2650216,0.00066155905,0.99933845
186,12.743,48313.49442498637,0.4279177868893707,-0.014100638488234243,-0.07232444667999775,neutral,Ti,0.44892412,0.2575138,0.29293704,0.0006249237,0.9993751
191,12.708,48692.130598199736,0.4169191633167159,-0.014100638488234243,-0.07232444667999775,neutral,Ti,0.48229945,0.26327422,0.2540717,0.00035458273,0.9996454
196,12.673,48866.162761960724,0.3953476772454536,-0.014100638488234243,-0.07232444667999775,neutral,Ti,0.3656583,0.24738766,0.38679636,0.00015769305,0.9998423
200,12.644,48206.23884046751,0.37725191270398,-0.014100638488234243,-0.07232444667999775,neutral,Ti,0.5037667,0.24059655,0.25541127,0.0002255683,0.99977446
205,12.608,47392.30982651278,0.3794901304027624,-0.014100638488234243,-0.07232444667999775,neutral,Ti,0.54868585,0.25147417,0.19963826,0.00020175621,0.99979824
210,12.573,48368.67458616416,0.35805441528657805,-0.014100638488234243,-0.07232444667999775,neutral,Ti,0.28528368,0.24222673,0.4723812,0.000108343826,0.99989164
214,12.545,48311.36210277203,0.35726308081109287,-0.014100638488234243,-0.07232444667999775,neutral,Ti,0.30277058,0.27861547,0.41850105,0.000112915026,0.9998871
219,12.51,48271.222730962305,0.35358231678589247,-0.014100638488234243,-0.07232444667999775,neutral,Ti,0.33241495,0.25698665,0.4103129,0.00028559717,0.9997144
224,12.474,47322.90247092098,0.372764305929521,-0.014100638488234243,-0.07232444667999775,neutral,Ti,0.4400408,0.17042755,0.3894447,8.7011824e-05,0.999913
228,12.446,46654.77998176716,0.37787097843990664,-0.014100638488234243,-0.07232444667999775,neutral,Ti,0.5511528,0.11675121,0.33204356,5.2413012e-05,0.9999476
233,12.411,46500.51635980509,0.4078501248979798,-0.014100638488234243,-0.07232444667999775,neutral,Ti,0.33194017,0.15214594,0.51589894,1.4919326e-05,0.9999851
238,12.375,48041.99228474096,0.4225373975770444,-0.014100638488234243,-0.07232444667999775,neutral,Ti,0.16736451,0.17586996,0.65676093,4.600704e-06,0.9999954
243,12.337,48775.39496466127,0.4209631208482901,-0.014100638488234243,-0.07232444667999775,neutral,Ti,0.1645375,0.1838133,0.65163916,9.997212e-06,0.99999
247,12.307,46421.7602265535,0.4364001149347032,-0.014100638488234243,-0.07232444667999775,neutral,Ti,0.4024893,0.13200979,0.46545216,4.8722566e-05,0.9999513
252,12.27,46648.21856719261,0.44430630464622123,-0.014100638488234243,-0.07232444667999775,neutral,Ti,0.40247962,0.2565453,0.34095967,1.5453335e-05,0.99998456
257,12.233,48707.0462143818,0.43128743316141566,-0.014100638488234243,-0.07232444667999775,neutral,Ti,0.5611548,0.2338699,0.20492338,5.1925952e-05,0.9999481
261,12.203,48420.002972412076,0.4254873603698198,-0.014100638488234243,-0.07232444667999775,neutral,Ti,0.37948817,0.2191963,0.40130585,9.646691e-06,0.99999034
266,12.165,48757.851325494004,0.41332604525548317,-0.014100638488234243,-0.07232444667999775,neutral,Ti,0.6405124,0.17360665,0.18586983,1.1104682e-05,0.9999889
271,12.127,49104.599371843244,0.3910232800892496,-0.014100638488234243,-0.07232444667999775,neutral,Ti,0.52210015,0.23452434,0.24335364,2.1821274e-05,0.9999782
275,12.097,47320.02440397358,0.3720379024241758,-0.014100638488234243,-0.07232444667999775,neutral,Ti,0.65785426,0.19041024,0.15172638,9.184432e-06,0.9999908
280,12.06,46844.842503913176,0.3810251516697745,-0.014100638488234243,-0.07232444667999775,neutral,Ti,0.4959621,0.1947755,0.3092567,5.734414e-06,0.9999943
285,12.024,48544.315370760814,0.3560044729340429,-0.014100638488234243,-0.07232444667999775,neutral,Ti,0.4836867,0.13554531,0.3807611,6.900778e-06,0.9999931
289,11.997,48641.037487279915,0.35471898012476266,-0.014100638488234243,-0.07232444667999775,neutral,Ti,0.7153743,0.08738964,0.19720735,2.8613618e-05,0.9999714
294,11.962,46959.867256380516,0.3650173922729684,-0.014100638488234243,-0.07232444667999775,neutral,Ti,0.613055,0.1592618,0.2276705,1.2691682e-05,0.9999873
299,11.928,46555.634987066485,0.37725459147066714,-0.014100638488234243,-0.07232444667999775,neutral,Ti,0.6906518,0.120992325,0.1883539,2.078253e-06,0.9999979
304,11.893,46561.85746166805,0.3986075312268345,-0.014100638488234243,-0.07232444667999775,neutral,Ti,0.6557192,0.05945082,0.28482765,2.3446892e-06,0.9999977
308,11.865,46246.07762407452,0.40686174843130163,-0.014100638488234243,-0.07232444667999775,neutral,Ti,0.6261514,0.04323418,0.330611,3.5075552e-06,0.9999965
313,11.83,47998.680460821,0.4274514318123196,-0.014100638488234243,-0.07232444667999775,neutral,Ti,0.6126273,0.07381235,0.3135581,2.1607937e-06,0.99999785
318,11.795,46620.15091715033,0.43172252888489576,-0.014100638488234243,-0.07232444667999775,neutral,Ti,0.7252577,0.11622152,0.15851681,4.094168e-06,0.9999959
322,11.767,46721.18464175495,0.4404232953064073,-0.014100638488234243,-0.07232444667999775,neutral,Ti,0.68853796,0.17801778,0.13344228,1.9622514e-06,0.99999803
327,11.732,47406.545581097635,0.443725829948387,-0.014100638488234243,-0.07232444667999775,neutral,Ti,0.6102925,0.12967785,0.260026,3.7235925e-06,0.9999963
332,11.699,48313.49442498637,0.4279177868893707,-0.014100638488234243,-0.07232444667999775,neutral,Ti,0.7048882,0.13580908,0.15929787,4.870328e-06,0.9999951
336,11.674,49163.39887844482,0.41793106580325773,-0.014100638488234243,-0.07232444667999775,neutral,Ti,0.8840138,0.06635233,0.049627233,6.7845544e-06,0.9999932
341,11.645,48606.16642419621,0.3922808330035313,-0.014100638488234243,-0.07232444667999775,neutral,Ti,0.57812405,0.09956261,0.32231057,2.8127683e-06,0.9999972
346,11.615,48206.23884046751,0.37725191270398,-0.014100638488234243,-0.07232444667999775,neutral,Ti,0.87812656,0.036320165,0.085546546,6.7316573e-06,0.99999326
350,11.592,47513.00742397121,0.37095107361742946,-0.014100638488234243,-0.07232444667999775,neutral,Ti,0.7584379,0.06327022,0.17828839,3.659922e-06,0.99999636
355,11.562,48454.69480857595,0.3749005638906723,-0.014100638488234243,-0.07232444667999775,neutral,Ti,0.6870224,0.02983204,0.28314212,3.4457682e-06,0.99999654
360,11.531,48311.36210277203,0.35726308081109287,-0.014100638488234243,-0.07232444667999775,neutral,Ti,0.711837,0.02413632,0.26401532,1.1469208e-05,0.99998856
365,11.502,48271.222730962305,0.35358231678589247,-0.014100638488234243,-0.07232444667999775,neutral,Ti,0.89536536,0.026492095,0.07809236,5.0263054e-05,0.99994975
182,12.771,48849.914756948354,0.47545869258739165,-0.014100638488234243,-0.07232444667999775,neutral,Ti,0.56147206,0.21765561,0.22020207,0.00067025505,0.99932975
186,12.743,49971.39148087283,0.49505992216326583,-0.014100638488234243,-0.07232444667999775,neutral,Ti,0.30704468,0.19595625,0.49679,0.00020901898,0.99979097
191,12.708,50269.79138027547,0.48217968505619757,-0.014100638488234243,-0.07232444667999775,neutral,Ti,0.30929533,0.1852295,0.5052772,0.00019796433,0.99980205
196,12.673,48879.3473236642,0.4675813373068555,-0.014100638488234243,-0.07232444667999775,neutral,Ti,0.22143468,0.2228342,0.555453,0.00027809144,0.9997219
200,12.644,47343.33995653872,0.48090583715143215,-0.014100638488234243,-0.07232444667999775,neutral,Ti,0.19290966,0.16185066,0.6451964,4.3274355e-05,0.9999567
205,12.608,46479.44689205488,0.4991780807248588,-0.014100638488234243,-0.07232444667999775,neutral,Ti,0.3908599,0.21241666,0.39633593,0.00038751937,0.9996125
210,12.573,46415.72973880132,0.5005041019690886,-0.014100638488234243,-0.07232444667999775,neutral,Ti,0.3927782,0.27988845,0.32723433,9.897361e-05,0.999901
214,12.545,47713.330775247545,0.507201969750022,-0.014100638488234243,-0.07232444667999775,neutral,Ti,0.37794,0.19980156,0.4220857,0.00017278713,0.9998272
219,12.51,46602.96925437815,0.49992146864999537,-0.014100638488234243,-0.07232444667999775,neutral,Ti,0.414199,0.25167492,0.33373067,0.00039536957,0.99960464
224,12.474,45820.445224101924,0.494137769331777,-0.014100638488234243,-0.07232444667999775,neutral,Ti,0.34134677,0.21226926,0.44634923,3.4841298e-05,0.99996513
228,12.446,44507.63014007973,0.4973803476843404,-0.014100638488234243,-0.07232444667999775,neutral,Ti,0.42905828,0.25884643,0.31203115,6.409235e-05,0.9999359
233,12.411,46395.32080011274,0.5016936521229931,-0.014100638488234243,-0.07232444667999775,neutral,Ti,0.47585338,0.23738265,0.2865658,0.00019815711,0.9998018
238,12.375,47983.17958590835,0.49611888786128844,-0.014100638488234243,-0.07232444667999775,neutral,Ti,0.49363348,0.22997259,0.27628234,0.00011159393,0.9998884
243,12.337,48854.6808353553,0.47674257603633935,-0.014100638488234243,-0.07232444667999775,neutral,Ti,0.40935135,0.33270982,0.25787356,6.526528e-05,0.99993473
247,12.307,48119.385860852126,0.47736692963894434,-0.014100638488234243,-0.07232444667999775,neutral,Ti,0.36103302,0.43410516,0.2048167,4.5127133e-05,0.9999549
252,12.27,47838.6733163395,0.47296058214472436,-0.014100638488234243,-0.07232444667999775,neutral,Ti,0.3783797,0.39646384,0.22512223,3.4209435e-05,0.9999658
257,12.233,49015.45088534685,0.48371034646652433,-0.014100638488234243,-0.07232444667999775,neutral,Ti,0.45971262,0.17649381,0.36378038,1.3196798e-05,0.9999868
261,12.203,49920.36416542746,0.4883037372320495,-0.014100638488234243,-0.07232444667999775,neutral,Ti,0.35563082,0.10729141,0.5370742,3.5866474e-06,0.9999964
266,12.165,51164.39789202199,0.4833587144194989,-0.014100638488234243,-0.07232444667999775,neutral,Ti,0.24321936,0.1296474,0.6271232,1.0013656e-05,0.99999
271,12.127,47247.40388414435,0.46718505949651307,-0.014100638488234243,-0.07232444667999775,neutral,Ti,0.28197053,0.23837891,0.4796446,5.901796e-06,0.9999941
275,12.097,46997.83839376678,0.48648571364461607,-0.014100638488234243,-0.07232444667999775,neutral,Ti,0.3762541,0.23874715,0.38499236,6.305683e-06,0.9999937
280,12.06,46140.66244494804,0.5012638989036907,-0.014100638488234243,-0.07232444667999775,neutral,Ti,0.44179025,0.23150422,0.32669383,1.1687423e-05,0.9999883
285,12.024,47189.367168135934,0.5025874201692717,-0.014100638488234243,-0.07232444667999775,neutral,Ti,0.52479565,0.309963,0.1652339,7.479481e-06,0.99999255
289,11.997,47596.9397343817,0.5068629780771995,-0.014100638488234243,-0.07232444667999775,neutral,Ti,0.4260411,0.29329598,0.28065678,6.06909e-06,0.9999939
294,11.962,46117.19369686387,0.48852694448084255,-0.014100638488234243,-0.07232444667999775,neutral,Ti,0.6450669,0.13794987,0.21695586,2.7363176e-05,0.99997264
299,11.928,45466.45063657202,0.500817588491045,-0.014100638488234243,-0.07232444667999775,neutral,Ti,0.7552495,0.16740851,0.077336065,5.983772e-06,0.99999404
304,11.893,44168.53187843919,0.49847636443405885,-0.014100638488234243,-0.07232444667999775,neutral,Ti,0.59305596,0.20553447,0.20140414,5.448416e-06,0.9999946
308,11.865,47922.35770332463,0.5030523479754027,-0.014100638488234243,-0.07232444667999775,neutral,Ti,0.76595294,0.15094271,0.08309515,9.217113e-06,0.99999076
313,11.83,48247.71842831684,0.4907574625585538,-0.014100638488234243,-0.07232444667999775,neutral,Ti,0.7018905,0.1510836,0.1470192,6.6801376e-06,0.9999933
318,11.795,48543.08879568863,0.47567222037439516,-0.014100638488234243,-0.07232444667999775,neutral,Ti,0.69950956,0.19059424,0.10987196,2.4236264e-05,0.99997574
322,11.767,47884.608396963384,0.47591328593693594,-0.014100638488234243,-0.07232444667999775,neutral,Ti,0.7841325,0.07365921,0.1421984,9.940766e-06,0.99999005
327,11.732,48486.382366761645,0.4697256862751477,-0.014100638488234243,-0.07232444667999775,neutral,Ti,0.7872147,0.021913169,0.19086653,5.5327464e-06,0.99999446
332,11.699,49971.39148087283,0.49505992216326583,-0.014100638488234243,-0.07232444667999775,neutral,Ti,0.5945981,0.023136433,0.3822645,9.5362725e-07,0.99999905
336,11.674,50266.925745837834,0.4817352712897555,-0.014100638488234243,-0.07232444667999775,neutral,Ti,0.70303005,0.048785925,0.24818148,2.576201e-06,0.99999744
341,11.645,50920.63489543982,0.47791995302335094,-0.014100638488234243,-0.07232444667999775,neutral,Ti,0.57487667,0.060151886,0.364951,2.0437716e-05,0.99997956
346,11.615,47343.33995653872,0.48090583715143215,-0.014100638488234243,-0.07232444667999775,neutral,Ti,0.6780506,0.1433179,0.17862761,3.865127e-06,0.9999961
350,11.592,47015.16323531211,0.4908684096820264,-0.014100638488234243,-0.07232444667999775,neutral,Ti,0.75932693,0.14658965,0.09407926,4.1381977e-06,0.9999959
355,11.562,46535.3112085737,0.5008785855675478,-0.014100638488234243,-0.07232444667999775,neutral,Ti,0.7661837,0.077434406,0.15637337,8.619984e-06,0.99999136
360,11.531,47713.330775247545,0.507201969750022,-0.014100638488234243,-0.07232444667999775,neutral,Ti,0.59637797,0.055049688,0.34856728,5.0375443e-06,0.99999493
365,11.502,46602.96925437815,0.49992146864999537,-0.014100638488234243,-0.07232444667999775,neutral,Ti,0.6583798,0.058924295,0.2826742,2.1654958e-05,0.99997836
182,12.771,49313.60039468659,0.3652447459174139,-0.014100638488234243,-0.07232444667999775,neutral,Ti,0.4193339,0.33775115,0.2404405,0.0024744747,0.9975255
186,12.743,44641.9196000062,0.3532625735845015,-0.014100638488234243,-0.07232444667999775,neutral,Ti,0.5138789,0.25373527,0.22768207,0.0047037485,0.99529624
191,12.708,45382.169094491655,0.37477058884206255,-0.014100638488234243,-0.07232444667999775,neutral,Ti,0.3474718,0.185081,0.46697104,0.0004762282,0.99952376
196,12.673,44042.87865791341,0.36580994535981126,-0.014100638488234243,-0.07232444667999775,neutral,Ti,0.41401836,0.26260096,0.32298884,0.0003918484,0.99960816
200,12.644,45333.19855524912,0.3809357301078827,-0.014100638488234243,-0.07232444667999775,neutral,Ti,0.49215358,0.2766423,0.23068367,0.00052056013,0.9994794
205,12.608,45177.66513074918,0.39312750853438866,-0.014100638488234243,-0.07232444667999775,neutral,Ti,0.18930335,0.18916613,0.6213344,0.00019616287,0.99980384
210,12.573,45687.187695655426,0.3935286966423491,-0.014100638488234243,-0.07232444667999775,neutral,Ti,0.51503974,0.27104506,0.21387286,4.2347994e-05,0.9999577
214,12.545,45075.10261823463,0.39538435750451867,-0.014100638488234243,-0.07232444667999775,neutral,Ti,0.38319752,0.25168264,0.36499572,0.00012417587,0.99987584
219,12.51,46063.748254645296,0.4079916534893999,-0.014100638488234243,-0.07232444667999775,neutral,Ti,0.3083618,0.32808006,0.3635203,3.7875074e-05,0.99996215
224,12.474,50726.42630601125,0.415032320097636,-0.014100638488234243,-0.07232444667999775,neutral,Ti,0.26036978,0.22843455,0.5111183,7.738025e-05,0.99992263
228,12.446,50205.00168452827,0.4022554871764027,-0.014100638488234243,-0.07232444667999775,neutral,Ti,0.44831067,0.23749979,0.3140893,0.000100210505,0.9998998
233,12.411,50402.69634840704,0.40380455942672755,-0.014100638488234243,-0.07232444667999775,neutral,Ti,0.36980608,0.29203734,0.33808002,7.663765e-05,0.99992335
238,12.375,50154.609410064324,0.39881010214616996,-0.014100638488234243,-0.07232444667999775,neutral,Ti,0.49648768,0.31962973,0.18379259,8.9998364e-05,0.99991
243,12.337,49905.041655364614,0.38356760502246284,-0.014100638488234243,-0.07232444667999775,neutral,Ti,0.57754844,0.19827664,0.22407737,9.7551165e-05,0.9999024
247,12.307,49687.09301037804,0.38096273515795215,-0.014100638488234243,-0.07232444667999775,neutral,Ti,0.34412384,0.17110349,0.48475397,1.8760125e-05,0.9999812
252,12.27,50067.02478177312,0.37385715090237803,-0.014100638488234243,-0.07232444667999775,neutral,Ti,0.206016,0.09140636,0.7025492,2.840429e-05,0.99997157
257,12.233,47634.079664624565,0.3596621751083114,-0.014100638488234243,-0.07232444667999775,neutral,Ti,0.45353952,0.16645391,0.37995824,4.8371105e-05,0.9999516
261,12.203,44729.14409301422,0.3548398606839969,-0.014100638488234243,-0.07232444667999775,neutral,Ti,0.60630935,0.15157615,0.24206582,4.8596048e-05,0.9999514
266,12.165,44738.12232802033,0.37456922805331105,-0.014100638488234243,-0.07232444667999775,neutral,Ti,0.54870486,0.16221306,0.2890616,2.049967e-05,0.9999795
271,12.127,44749.19255803111,0.3634772693023065,-0.014100638488234243,-0.07232444667999775,neutral,Ti,0.551707,0.19358991,0.25469586,7.1464606e-06,0.99999285
275,12.097,45289.20096247305,0.37976042963317885,-0.014100638488234243,-0.07232444667999775,neutral,Ti,0.5036897,0.25469723,0.24160528,7.7311915e-06,0.99999225
280,12.06,45462.298994315235,0.38623282074419446,-0.014100638488234243,-0.07232444667999775,neutral,Ti,0.3888304,0.19241607,0.4187415,1.2100789e-05,0.9999879
285,12.024,45589.32820220001,0.39153293984263915,-0.014100638488234243,-0.07232444667999775,neutral,Ti,0.77090734,0.12548512,0.10359349,1.4041192e-05,0.99998593
289,11.997,45380.94619223937,0.3962137000453869,-0.014100638488234243,-0.07232444667999775,neutral,Ti,0.48936656,0.33564186,0.17498866,2.8937002e-06,0.9999971
294,11.962,48072.563426653294,0.4182558432358204,-0.014100638488234243,-0.07232444667999775,neutral,Ti,0.45544335,0.2004941,0.34404382,1.880846e-05,0.99998116
299,11.928,50153.65486433952,0.40510780479985337,-0.014100638488234243,-0.07232444667999775,neutral,Ti,0.65837896,0.13707219,0.20453587,1.29313785e-05,0.99998707
304,11.893,50666.62052362527,0.4002125068580531,-0.014100638488234243,-0.07232444667999775,neutral,Ti,0.6963746,0.1838994,0.119715795,1.024808e-05,0.99998975
308,11.865,50062.186328278854,0.3996828661237253,-0.014100638488234243,-0.07232444667999775,neutral,Ti,0.7283468,0.1620054,0.1096118,3.5924768e-05,0.99996406
313,11.83,49949.91803960983,0.3991931472129071,-0.014100638488234243,-0.07232444667999775,neutral,Ti,0.78349936,0.062650874,0.15382054,2.9215033e-05,0.9999708
318,11.795,49554.79579045008,0.38241332012120816,-0.014100638488234243,-0.07232444667999775,neutral,Ti,0.6251276,0.07298518,0.30188128,5.912645e-06,0.9999941
322,11.767,49764.50937108107,0.3802944110610664,-0.014100638488234243,-0.07232444667999775,neutral,Ti,0.69531775,0.03196048,0.27271467,7.097375e-06,0.9999929
327,11.732,49451.24408140672,0.3679915212086033,-0.014100638488234243,-0.07232444667999775,neutral,Ti,0.6988324,0.042420164,0.25873005,1.7343067e-05,0.99998266
332,11.699,44641.9196000062,0.3532625735845015,-0.014100638488234243,-0.07232444667999775,neutral,Ti,0.8463596,0.062104218,0.09149915,3.6976646e-05,0.99996305
336,11.674,44975.05256578485,0.3668070266945153,-0.014100638488234243,-0.07232444667999775,neutral,Ti,0.70853114,0.036558438,0.2548996,1.0821414e-05,0.99998915
341,11.645,43932.96693018781,0.36679569142425394,-0.014100638488234243,-0.07232444667999775,neutral,Ti,0.68601847,0.0687377,0.24523604,7.786944e-06,0.9999922
346,11.615,45333.19855524912,0.3809357301078827,-0.014100638488234243,-0.07232444667999775,neutral,Ti,0.8688185,0.057096288,0.074080124,4.9823784e-06,0.999995
350,11.592,45236.788224006865,0.3898786944521389,-0.014100638488234243,-0.07232444667999775,neutral,Ti,0.8371843,0.041644696,0.1211651,5.9079775e-06,0.9999941
355,11.562,45828.68786386969,0.3943231787044212,-0.014100638488234243,-0.07232444667999775,neutral,Ti,0.78792137,0.08605631,0.12602113,1.1001662e-06,0.9999989
360,11.531,45075.10261823463,0.39538435750451867,-0.014100638488234243,-0.07232444667999775,neutral,Ti,0.7684304,0.09870608,0.13286062,2.925565e-06,0.9999971
365,11.502,46063.748254645296,0.4079916534893999,-0.014100638488234243,-0.07232444667999775,neutral,Ti,0.589588,0.031067267,0.3793394,5.3698895e-06,0.99999464
182,12.771,47040.77932637372,0.5087436461402667,-0.014100638488234243,-0.07232444667999775,neutral,Ti,0.22330567,0.19899485,0.57759875,0.00010068649,0.9998993
186,12.743,49451.958583773645,0.5023093696033551,-0.014100638488234243,-0.07232444667999775,neutral,Ti,0.28148332,0.21881837,0.49956843,0.00012993357,0.99987006
191,12.708,47847.19550545107,0.48332338141987613,-0.014100638488234243,-0.07232444667999775,neutral,Ti,0.37197226,0.2357518,0.39206842,0.00020749733,0.9997925
196,12.673,48927.854672047964,0.4725585656177529,-0.014100638488234243,-0.07232444667999775,neutral,Ti,0.35747096,0.2613174,0.38087186,0.00033982497,0.9996602
200,12.644,51159.07675891796,0.4839666243293229,-0.014100638488234243,-0.07232444667999775,neutral,Ti,0.24717651,0.29853487,0.45412898,0.00015954656,0.99984044
205,12.608,49235.6768912033,0.4659276674808015,-0.014100638488234243,-0.07232444667999775,neutral,Ti,0.5365051,0.2462911,0.21674164,0.00046218716,0.9995378
210,12.573,49235.92172735977,0.46203726665566586,-0.014100638488234243,-0.07232444667999775,neutral,Ti,0.34379214,0.24572946,0.41030625,0.00017221012,0.9998278
214,12.545,48507.003532734816,0.45915146381486205,-0.014100638488234243,-0.07232444667999775,neutral,Ti,0.38518277,0.25224254,0.36233404,0.00024065898,0.9997593
219,12.51,48355.00544692048,0.4591796114851213,-0.014100638488234243,-0.07232444667999775,neutral,Ti,0.32564878,0.2595475,0.4147624,4.1370837e-05,0.99995863
224,12.474,46350.00950866359,0.4626295124483375,-0.014100638488234243,-0.07232444667999775,neutral,Ti,0.29045063,0.16326079,0.54624826,4.0307714e-05,0.9999597
228,12.446,47720.25908913181,0.48829344754445675,-0.014100638488234243,-0.07232444667999775,neutral,Ti,0.24899495,0.15935804,0.5916372,9.838544e-06,0.99999017
233,12.411,45935.85554848431,0.47403269181672425,-0.014100638488234243,-0.07232444667999775,neutral,Ti,0.3395856,0.17210114,0.48830083,1.229917e-05,0.9999877
238,12.375,43960.8917457233,0.4801446705109405,-0.014100638488234243,-0.07232444667999775,neutral,Ti,0.3115901,0.31364986,0.37474892,1.1210336e-05,0.9999888
243,12.337,46063.89867015581,0.5095286613147193,-0.014100638488234243,-0.07232444667999775,neutral,Ti,0.14455967,0.23734471,0.61807704,1.8618432e-05,0.9999814
247,12.307,45859.50834432154,0.5060141399080779,-0.014100638488234243,-0.07232444667999775,neutral,Ti,0.24361426,0.25248057,0.5038725,3.2616514e-05,0.9999674
252,12.27,46869.86632302367,0.5074127847825264,-0.014100638488234243,-0.07232444667999775,neutral,Ti,0.25558394,0.4520812,0.29232863,6.205286e-06,0.9999938
257,12.233,47236.05126221021,0.5140526258909921,-0.014100638488234243,-0.07232444667999775,neutral,Ti,0.42263734,0.39089745,0.18645939,5.881853e-06,0.9999941
261,12.203,49122.299997415175,0.4960463309087474,-0.014100638488234243,-0.07232444667999775,neutral,Ti,0.39414197,0.1945497,0.41128758,2.0821322e-05,0.9999792
266,12.165,48465.72927963277,0.47875956100542466,-0.014100638488234243,-0.07232444667999775,neutral,Ti,0.33678114,0.26615503,0.3970598,4.0077944e-06,0.999996
271,12.127,50990.39864442005,0.4897116840734803,-0.014100638488234243,-0.07232444667999775,neutral,Ti,0.32697952,0.32586458,0.3471351,2.074614e-05,0.99997926
275,12.097,50335.61194610241,0.4816269931749989,-0.014100638488234243,-0.07232444667999775,neutral,Ti,0.4242465,0.34467804,0.2310612,1.424865e-05,0.99998575
280,12.06,49471.55156082705,0.4654428814903306,-0.014100638488234243,-0.07232444667999775,neutral,Ti,0.5610273,0.26475376,0.17420653,1.2352279e-05,0.99998766
285,12.024,49506.91034354259,0.45952577227420666,-0.014100638488234243,-0.07232444667999775,neutral,Ti,0.7258095,0.14852965,0.12565798,2.8432635e-06,0.99999714
289,11.997,48646.35949874225,0.4618472578327867,-0.014100638488234243,-0.07232444667999775,neutral,Ti,0.45698556,0.11678221,0.42622882,3.5046432e-06,0.9999965
294,11.962,46251.89962507061,0.4613894407049659,-0.014100638488234243,-0.07232444667999775,neutral,Ti,0.32671213,0.122959636,0.55032396,4.2756164e-06,0.9999957
299,11.928,46725.2172210761,0.4708169356199739,-0.014100638488234243,-0.07232444667999775,neutral,Ti,0.45730075,0.15940344,0.38329336,2.4165242e-06,0.99999756
304,11.893,46504.12910545673,0.48769987603709486,-0.014100638488234243,-0.07232444667999775,neutral,Ti,0.50413185,0.17183626,0.32403076,1.0567372e-06,0.9999989
308,11.865,43939.33503880834,0.476397672378945,-0.014100638488234243,-0.07232444667999775,neutral,Ti,0.6420867,0.12353367,0.23437703,2.6836888e-06,0.9999973
313,11.83,45089.26482803164,0.4866607040570402,-0.014100638488234243,-0.07232444667999775,neutral,Ti,0.499415,0.08837749,0.41220626,1.2114581e-06,0.9999988
318,11.795,46104.79266493707,0.5071762777252444,-0.014100638488234243,-0.07232444667999775,neutral,Ti,0.41727406,0.14799632,0.43472475,4.877346e-06,0.9999951
322,11.767,46114.2971497247,0.503634203022054,-0.014100638488234243,-0.07232444667999775,neutral,Ti,0.6541206,0.15923987,0.18663636,3.1844754e-06,0.99999684
327,11.732,46943.15445441646,0.5023925352936015,-0.014100638488234243,-0.07232444667999775,neutral,Ti,0.541059,0.23961131,0.21932669,2.9745672e-06,0.999997
332,11.699,49451.958583773645,0.5023093696033551,-0.014100638488234243,-0.07232444667999775,neutral,Ti,0.5591426,0.11358201,0.32727367,1.7837868e-06,0.9999982
336,11.674,47985.081486668976,0.48073487371697343,-0.014100638488234243,-0.07232444667999775,neutral,Ti,0.6778976,0.15949132,0.1626056,5.533305e-06,0.99999446
341,11.645,48990.21479670751,0.4712993530547578,-0.014100638488234243,-0.07232444667999775,neutral,Ti,0.5749021,0.14325017,0.28184378,3.901445e-06,0.9999961
346,11.615,51159.07675891796,0.4839666243293229,-0.014100638488234243,-0.07232444667999775,neutral,Ti,0.7244218,0.05582931,0.21974133,7.5815096e-06,0.99999243
350,11.592,49948.281101309054,0.4682891967557428,-0.014100638488234243,-0.07232444667999775,neutral,Ti,0.8285559,0.049798418,0.12163942,6.202646e-06,0.9999938
355,11.562,49321.0628144943,0.4614814670906884,-0.014100638488234243,-0.07232444667999775,neutral,Ti,0.7444181,0.06781276,0.18776141,7.6902425e-06,0.9999923
360,11.531,48507.003532734816,0.45915146381486205,-0.014100638488234243,-0.07232444667999775,neutral,Ti,0.8599085,0.03460951,0.10546928,1.2696768e-05,0.9999873
365,11.502,48355.00544692048,0.4591796114851213,-0.014100638488234243,-0.07232444667999775,neutral,Ti,0.82918626,0.023215855,0.14758964,8.278102e-06,0.9999917
182,12.771,48872.90844017203,0.41651025331053604,-0.014100638488234243,-0.07232444667999775,neutral,Ti,0.3185686,0.2950245,0.38602436,0.00038257506,0.9996174
186,12.743,48883.716900037754,0.4244626424760053,-0.014100638488234243,-0.07232444667999775,neutral,Ti,0.55623204,0.22392502,0.21943398,0.0004090815,0.99959093
191,12.708,49887.614863264884,0.42821274990135194,-0.014100638488234243,-0.07232444667999775,neutral,Ti,0.32399526,0.16319358,0.51269794,0.000113201364,0.9998868
196,12.673,50295.33096185802,0.43226132893045854,-0.014100638488234243,-0.07232444667999775,neutral,Ti,0.22976361,0.19296944,0.57717043,9.653292e-05,0.99990344
200,12.644,47639.548793706876,0.39907798240089276,-0.014100638488234243,-0.07232444667999775,neutral,Ti,0.29179192,0.24376315,0.46418247,0.0002625281,0.9997375
205,12.608,45701.40282324057,0.3967023237721431,-0.014100638488234243,-0.07232444667999775,neutral,Ti,0.39484832,0.19910403,0.40584192,0.00020575442,0.99979424
210,12.573,46711.74042517132,0.414504151105372,-0.014100638488234243,-0.07232444667999775,neutral,Ti,0.3045059,0.22667012,0.46877155,5.2375693e-05,0.9999476
214,12.545,46337.131838459805,0.42250716079566525,-0.014100638488234243,-0.07232444667999775,neutral,Ti,0.2648564,0.22821002,0.5068634,7.019914e-05,0.9999298
219,12.51,46711.37927612438,0.41985067767647555,-0.014100638488234243,-0.07232444667999775,neutral,Ti,0.3446229,0.21337289,0.44196412,4.0012597e-05,0.99996
224,12.474,46414.75040405514,0.4010713499995381,-0.014100638488234243,-0.07232444667999775,neutral,Ti,0.35459408,0.27573588,0.36963323,3.6797694e-05,0.9999632
228,12.446,45658.30072309581,0.3955603123866534,-0.014100638488234243,-0.07232444667999775,neutral,Ti,0.40220585,0.15543915,0.44231746,3.749527e-05,0.9999625
233,12.411,45262.114480562625,0.4010609108466479,-0.014100638488234243,-0.07232444667999775,neutral,Ti,0.46493658,0.25488302,0.28009713,8.319338e-05,0.9999168
238,12.375,48113.55575720963,0.4317093629524484,-0.014100638488234243,-0.07232444667999775,neutral,Ti,0.38091493,0.2879085,0.33116004,1.6605698e-05,0.9999834
243,12.337,48703.163307040166,0.40621970028185816,-0.014100638488234243,-0.07232444667999775,neutral,Ti,0.5348493,0.1746715,0.2903724,0.00010686355,0.9998931
247,12.307,48530.51438121528,0.40822793414613257,-0.014100638488234243,-0.07232444667999775,neutral,Ti,0.42275798,0.44072193,0.13650063,1.9432593e-05,0.99998057
252,12.27,49222.37425305808,0.4065081152761349,-0.014100638488234243,-0.07232444667999775,neutral,Ti,0.4828486,0.33658537,0.18052468,4.130275e-05,0.9999587
257,12.233,48845.8641450132,0.41508125742100577,-0.014100638488234243,-0.07232444667999775,neutral,Ti,0.55487525,0.1479646,0.29714996,1.0214982e-05,0.9999898
261,12.203,49300.56363341526,0.42700686559485673,-0.014100638488234243,-0.07232444667999775,neutral,Ti,0.6427083,0.114326194,0.24296066,4.8455463e-06,0.9999952
266,12.165,50380.915385920576,0.43941007746212524,-0.014100638488234243,-0.07232444667999775,neutral,Ti,0.40654686,0.21911608,0.3743336,3.48034e-06,0.99999654
271,12.127,50339.33840199842,0.42652841465219354,-0.014100638488234243,-0.07232444667999775,neutral,Ti,0.23907383,0.11112933,0.6497943,2.5650004e-06,0.99999744
275,12.097,45432.83001967592,0.4001321929454041,-0.014100638488234243,-0.07232444667999775,neutral,Ti,0.4714146,0.18258904,0.34597144,2.491825e-05,0.9999751
280,12.06,46143.994946760235,0.41444546471630067,-0.014100638488234243,-0.07232444667999775,neutral,Ti,0.34833193,0.16043907,0.491227,1.9837096e-06,0.99999803
285,12.024,46659.22000175719,0.4190299695661721,-0.014100638488234243,-0.07232444667999775,neutral,Ti,0.37670553,0.0922995,0.5309916,3.2643459e-06,0.9999967
289,11.997,46211.04923318756,0.42315558506243667,-0.014100638488234243,-0.07232444667999775,neutral,Ti,0.5175435,0.14542745,0.33702248,6.5603526e-06,0.99999344
294,11.962,46496.82493483246,0.40953921669633586,-0.014100638488234243,-0.07232444667999775,neutral,Ti,0.6001206,0.16544446,0.23442963,5.400652e-06,0.9999946
299,11.928,45695.707016384695,0.40264399296128095,-0.014100638488234243,-0.07232444667999775,neutral,Ti,0.68408996,0.1654891,0.15041794,3.0111783e-06,0.99999696
304,11.893,45008.81930716618,0.3989257494140327,-0.014100638488234243,-0.07232444667999775,neutral,Ti,0.7236827,0.12785144,0.14845505,1.081967e-05,0.99998915
308,11.865,44926.86453146517,0.4123440243840739,-0.014100638488234243,-0.07232444667999775,neutral,Ti,0.5242519,0.18140875,0.29433697,2.4673202e-06,0.99999756
313,11.83,50042.92353985252,0.4262177868434042,-0.014100638488234243,-0.07232444667999775,neutral,Ti,0.63827795,0.066880554,0.29483894,2.6202554e-06,0.9999974
318,11.795,48569.68100989995,0.40990843760994594,-0.014100638488234243,-0.07232444667999775,neutral,Ti,0.7795051,0.11669791,0.10379305,4.0396144e-06,0.99999595
322,11.767,48769.055259036795,0.40958099665352293,-0.014100638488234243,-0.07232444667999775,neutral,Ti,0.79203963,0.14469835,0.0632566,5.3504823e-06,0.99999464
327,11.732,48483.0976141634,0.41435684816947477,-0.014100638488234243,-0.07232444667999775,neutral,Ti,0.716351,0.052777015,0.23086132,1.071083e-05,0.9999893
332,11.699,48883.716900037754,0.4244626424760053,-0.014100638488234243,-0.07232444667999775,neutral,Ti,0.83041525,0.03168759,0.13789481,2.3338125e-06,0.9999977
336,11.674,50047.17271669981,0.43663401217549147,-0.014100638488234243,-0.07232444667999775,neutral,Ti,0.5949015,0.019221794,0.3858763,4.4886545e-07,0.9999995
341,11.645,50673.434423070765,0.437195653092781,-0.014100638488234243,-0.07232444667999775,neutral,Ti,0.50906116,0.028884992,0.4620521,1.6127017e-06,0.9999984
346,11.615,47639.548793706876,0.39907798240089276,-0.014100638488234243,-0.07232444667999775,neutral,Ti,0.8207735,0.030324746,0.14886957,3.2206535e-05,0.9999678
350,11.592,45336.95020009086,0.3964867635291047,-0.014100638488234243,-0.07232444667999775,neutral,Ti,0.70503384,0.11203319,0.18292302,1.0040403e-05,0.99999
355,11.562,46595.194163982465,0.4160717244536076,-0.014100638488234243,-0.07232444667999775,neutral,Ti,0.8476178,0.07743,0.074949965,2.2879633e-06,0.99999774
360,11.531,46337.131838459805,0.42250716079566525,-0.014100638488234243,-0.07232444667999775,neutral,Ti,0.8573972,0.04551186,0.09708777,3.1890665e-06,0.9999968
365,11.502,46711.37927612438,0.41985067767647555,-0.014100638488234243,-0.07232444667999775,neutral,Ti,0.8274684,0.0386427,0.13388516,3.748357e-06,0.99999624
182,12.771,48457.99269402342,0.39673974479248253,-0.014100638488234243,-0.07232444667999775,neutral,Ti,0.37097144,0.16029102,0.4686345,0.00010296265,0.99989706
186,12.743,48604.28517389025,0.411232900592857,-0.014100638488234243,-0.07232444667999775,neutral,Ti,0.46860757,0.19226348,0.33891708,0.00021181958,0.99978817
191,12.708,47718.70773223676,0.41214421616559493,-0.014100638488234243,-0.07232444667999775,neutral,Ti,0.46727574,0.19531661,0.3373267,8.08636e-05,0.9999191
196,12.673,47312.44145343654,0.4203850500194253,-0.014100638488234243,-0.07232444667999775,neutral,Ti,0.2093864,0.14586963,0.6447288,1.5227581e-05,0.9999848
200,12.644,45343.321868080355,0.3934048726931427,-0.014100638488234243,-0.07232444667999775,neutral,Ti,0.5189265,0.20889184,0.27202424,0.00015735065,0.99984264
205,12.608,47334.84312286265,0.3814420330536441,-0.014100638488234243,-0.07232444667999775,neutral,Ti,0.44874287,0.23521616,0.31598935,5.1643477e-05,0.9999484
210,12.573,48681.62072664055,0.34741418101153,-0.014100638488234243,-0.07232444667999775,neutral,Ti,0.39787018,0.24841282,0.35366595,5.1041465e-05,0.999949
214,12.545,47603.832789646905,0.3251593266235302,-0.014100638488234243,-0.07232444667999775,neutral,Ti,0.49686855,0.27734008,0.22573103,6.0350703e-05,0.9999396
219,12.51,46956.63138483191,0.3154447799690412,-0.014100638488234243,-0.07232444667999775,neutral,Ti,0.502847,0.34327492,0.15384933,2.8726376e-05,0.9999713
224,12.474,47691.102562477085,0.30053372898560604,-0.014100638488234243,-0.07232444667999775,neutral,Ti,0.50885165,0.24900037,0.24205428,9.3720926e-05,0.9999063
228,12.446,47703.461123870904,0.2968019102907471,-0.014100638488234243,-0.07232444667999775,neutral,Ti,0.59757024,0.16738887,0.23500077,4.0133313e-05,0.9999599
233,12.411,48115.86587337374,0.30742856023540555,-0.014100638488234243,-0.07232444667999775,neutral,Ti,0.41041148,0.1954713,0.39411083,6.316906e-06,0.9999937
238,12.375,49711.62150904275,0.31773888681015383,-0.014100638488234243,-0.07232444667999775,neutral,Ti,0.1327884,0.118602164,0.74859715,1.2316463e-05,0.99998766
243,12.337,48090.79318721955,0.3349152569703284,-0.014100638488234243,-0.07232444667999775,neutral,Ti,0.3564577,0.08980783,0.5537308,3.6786314e-06,0.9999963
247,12.307,47011.39205150636,0.37011235573684675,-0.014100638488234243,-0.07232444667999775,neutral,Ti,0.24762248,0.19540572,0.5569668,5.040966e-06,0.99999493
252,12.27,47935.87106019855,0.388689926780468,-0.014100638488234243,-0.07232444667999775,neutral,Ti,0.4886083,0.11787957,0.39350805,4.0245304e-06,0.99999595
257,12.233,48257.263113470945,0.3978069329535014,-0.014100638488234243,-0.07232444667999775,neutral,Ti,0.50855786,0.23538017,0.25605896,3.11136e-06,0.9999969
261,12.203,47762.56950476202,0.41382575023556223,-0.014100638488234243,-0.07232444667999775,neutral,Ti,0.49016607,0.16222474,0.3476025,6.8221207e-06,0.9999932
266,12.165,47185.25661560227,0.41726600004900927,-0.014100638488234243,-0.07232444667999775,neutral,Ti,0.4986887,0.083825305,0.41748443,1.6914704e-06,0.99999833
271,12.127,45926.376879516494,0.40008995028733535,-0.014100638488234243,-0.07232444667999775,neutral,Ti,0.60252225,0.11909655,0.27837852,2.6811967e-06,0.9999973
275,12.097,45782.22195486749,0.3938185481895718,-0.014100638488234243,-0.07232444667999775,neutral,Ti,0.6166058,0.16515471,0.21823695,2.6039886e-06,0.9999974
280,12.06,47355.51079886705,0.3733596131436056,-0.014100638488234243,-0.07232444667999775,neutral,Ti,0.71362257,0.18639968,0.099970944,6.7696537e-06,0.9999932
285,12.024,48530.35737073841,0.34167672360692974,-0.014100638488234243,-0.07232444667999775,neutral,Ti,0.70845836,0.15407917,0.13745968,2.7481203e-06,0.99999726
289,11.997,47608.19231994408,0.32330569905971696,-0.014100638488234243,-0.07232444667999775,neutral,Ti,0.78484017,0.10302133,0.11213597,2.481634e-06,0.9999975
294,11.962,46824.81669424194,0.3121895998337686,-0.014100638488234243,-0.07232444667999775,neutral,Ti,0.80661815,0.12277586,0.070604794,1.1108697e-06,0.99999887
299,11.928,47549.732068228615,0.2997444440851171,-0.014100638488234243,-0.07232444667999775,neutral,Ti,0.7316872,0.086961955,0.18134828,2.5164663e-06,0.9999975
304,11.893,48226.79030097564,0.30433154532370177,-0.014100638488234243,-0.07232444667999775,neutral,Ti,0.77539194,0.058377188,0.16622972,1.0917969e-06,0.9999989
308,11.865,49511.7917745102,0.31091987750281197,-0.014100638488234243,-0.07232444667999775,neutral,Ti,0.61453533,0.027334606,0.35812956,4.829332e-07,0.9999995
313,11.83,47778.047997281006,0.3286044691016697,-0.014100638488234243,-0.07232444667999775,neutral,Ti,0.25974932,0.02111014,0.71913886,1.7306922e-06,0.9999983
318,11.795,46742.49213217298,0.36502888059649286,-0.014100638488234243,-0.07232444667999775,neutral,Ti,0.6045231,0.022575557,0.37290025,1.0285431e-06,0.999999
322,11.767,47103.53641198236,0.37269860369198093,-0.014100638488234243,-0.07232444667999775,neutral,Ti,0.24872859,0.08523486,0.6660362,4.098296e-07,0.9999996
327,11.732,48034.62249447177,0.3940446999161136,-0.014100638488234243,-0.07232444667999775,neutral,Ti,0.47628367,0.051943824,0.47177184,7.0707716e-07,0.9999993
332,11.699,48604.28517389025,0.411232900592857,-0.014100638488234243,-0.07232444667999775,neutral,Ti,0.82987505,0.03307485,0.13704905,9.661317e-07,0.99999905
336,11.674,47511.69207023747,0.41285429827159076,-0.014100638488234243,-0.07232444667999775,neutral,Ti,0.8798317,0.056781705,0.0633864,2.464255e-07,0.99999976
341,11.645,47317.218149862296,0.4150404440819369,-0.014100638488234243,-0.07232444667999775,neutral,Ti,0.8529939,0.040355336,0.10664925,1.5487715e-06,0.99999845
346,11.615,45343.321868080355,0.3934048726931427,-0.014100638488234243,-0.07232444667999775,neutral,Ti,0.8489502,0.05449935,0.09655003,3.5559708e-07,0.99999964
350,11.592,47774.98388862101,0.3859535779033069,-0.014100638488234243,-0.07232444667999775,neutral,Ti,0.65147424,0.116555005,0.23197034,2.8396622e-07,0.9999997
355,11.562,48683.50044239691,0.3590993552245105,-0.014100638488234243,-0.07232444667999775,neutral,Ti,0.87948084,0.04040755,0.08011083,6.858612e-07,0.9999993
360,11.531,47603.832789646905,0.3251593266235302,-0.014100638488234243,-0.07232444667999775,neutral,Ti,0.90059507,0.048076484,0.051327217,1.2663089e-06,0.99999875
365,11.502,46956.63138483191,0.3154447799690412,-0.014100638488234243,-0.07232444667999775,neutral,Ti,0.8902887,0.028279046,0.08142829,4.0814703e-06,0.99999595
182,12.771,45685.25296313372,0.47599412816585496,-0.014100638488234243,-0.07232444667999775,neutral,Ti,0.24808419,0.18571542,0.5660532,0.00014718219,0.99985284
186,12.743,46342.06992944333,0.466490481764363,-0.014100638488234243,-0.07232444667999775,neutral,Ti,0.5024976,0.24357924,0.2525074,0.0014157884,0.9985842
191,12.708,46755.399456594096,0.441126651009809,-0.014100638488234243,-0.07232444667999775,neutral,Ti,0.39834353,0.2574205,0.34379873,0.0004372551,0.99956274
196,12.673,49972.60525443738,0.4566809272855948,-0.014100638488234243,-0.07232444667999775,neutral,Ti,0.28115562,0.3106972,0.40783203,0.0003151537,0.9996849
200,12.644,49536.358959001496,0.4497126247320799,-0.014100638488234243,-0.07232444667999775,neutral,Ti,0.35899466,0.25620788,0.38466507,0.00013240319,0.9998676
205,12.608,49635.2037957202,0.451233528833011,-0.014100638488234243,-0.07232444667999775,neutral,Ti,0.4935782,0.25324312,0.25295073,0.00022796523,0.999772
210,12.573,50683.07102620926,0.4640054506427748,-0.014100638488234243,-0.07232444667999775,neutral,Ti,0.4377411,0.22019774,0.34195268,0.0001083992,0.9998916
214,12.545,50424.47228229064,0.47537091199350023,-0.014100638488234243,-0.07232444667999775,neutral,Ti,0.46555364,0.27069438,0.26353753,0.00021449527,0.9997855
219,12.51,48656.99939392738,0.47964757312884526,-0.014100638488234243,-0.07232444667999775,neutral,Ti,0.34985948,0.2748061,0.37524962,8.485657e-05,0.9999151
224,12.474,48255.848380420975,0.48697532336344834,-0.014100638488234243,-0.07232444667999775,neutral,Ti,0.09440804,0.10126657,0.80429125,3.4121564e-05,0.9999659
228,12.446,48071.38939085136,0.4949993930385972,-0.014100638488234243,-0.07232444667999775,neutral,Ti,0.25007644,0.13853784,0.6113516,3.4103767e-05,0.9999659
233,12.411,45495.45252588521,0.4932304764332788,-0.014100638488234243,-0.07232444667999775,neutral,Ti,0.5056183,0.15675819,0.33758003,4.3512795e-05,0.9999565
238,12.375,46070.96870655172,0.5008027979173921,-0.014100638488234243,-0.07232444667999775,neutral,Ti,0.278781,0.19664629,0.52456135,1.139632e-05,0.9999886
243,12.337,44891.87400290346,0.4978642565102062,-0.014100638488234243,-0.07232444667999775,neutral,Ti,0.29226217,0.28435844,0.4233687,1.0719135e-05,0.9999893
247,12.307,44343.78564182229,0.4811637933170547,-0.014100638488234243,-0.07232444667999775,neutral,Ti,0.27097312,0.21566671,0.5133374,2.2807204e-05,0.9999772
252,12.27,44895.11848505854,0.46992575886184196,-0.014100638488234243,-0.07232444667999775,neutral,Ti,0.3484269,0.2939706,0.35756937,3.31388e-05,0.99996686
257,12.233,46498.88118494896,0.47104534193935793,-0.014100638488234243,-0.07232444667999775,neutral,Ti,0.44326386,0.26839882,0.2883226,1.4792583e-05,0.9999852
261,12.203,46945.387621285,0.4593874242609065,-0.014100638488234243,-0.07232444667999775,neutral,Ti,0.38937983,0.30174837,0.3088667,5.0845833e-06,0.99999493
266,12.165,48583.853100820575,0.4380881237240033,-0.014100638488234243,-0.07232444667999775,neutral,Ti,0.5821386,0.281872,0.1359708,1.8609655e-05,0.9999814
271,12.127,49861.42499698025,0.4462074164507375,-0.014100638488234243,-0.07232444667999775,neutral,Ti,0.5818182,0.18526344,0.23291236,6.015624e-06,0.999994
275,12.097,49321.92603152089,0.4496491716547561,-0.014100638488234243,-0.07232444667999775,neutral,Ti,0.55594355,0.15411514,0.28993025,1.107287e-05,0.9999889
280,12.06,50376.9288977654,0.4685750437171212,-0.014100638488234243,-0.07232444667999775,neutral,Ti,0.4999086,0.30137005,0.19871078,1.0585198e-05,0.9999894
285,12.024,50779.67940144273,0.47056482957635426,-0.014100638488234243,-0.07232444667999775,neutral,Ti,0.23413284,0.20569797,0.56016773,1.439278e-06,0.99999857
289,11.997,49816.25488783277,0.47274975879666176,-0.014100638488234243,-0.07232444667999775,neutral,Ti,0.38065487,0.17862003,0.44072157,3.5649027e-06,0.9999964
294,11.962,48751.822305328795,0.48238528986813334,-0.014100638488234243,-0.07232444667999775,neutral,Ti,0.39102602,0.23295659,0.37601456,2.766322e-06,0.99999726
299,11.928,48019.046779904544,0.4927968427232355,-0.014100638488234243,-0.07232444667999775,neutral,Ti,0.48915607,0.12289989,0.38793364,1.0326443e-05,0.9999897
304,11.893,45455.30332258729,0.48630430928171414,-0.014100638488234243,-0.07232444667999775,neutral,Ti,0.82725203,0.06512805,0.10761608,3.8708363e-06,0.9999961
308,11.865,45624.903689926105,0.49685927360141896,-0.014100638488234243,-0.07232444667999775,neutral,Ti,0.49263376,0.040122617,0.46724322,3.268701e-07,0.9999997
313,11.83,46382.17848424524,0.5037107410044352,-0.014100638488234243,-0.07232444667999775,neutral,Ti,0.32123592,0.06557468,0.6131885,9.5275743e-07,0.99999905
318,11.795,44918.42372522595,0.48901994552010725,-0.014100638488234243,-0.07232444667999775,neutral,Ti,0.6512819,0.084166646,0.2645496,1.7496652e-06,0.9999983
322,11.767,44647.572590286065,0.4758090687155206,-0.014100638488234243,-0.07232444667999775,neutral,Ti,0.63380295,0.0953834,0.27080843,5.2452556e-06,0.99999475
327,11.732,45781.1330120103,0.47129639168732,-0.014100638488234243,-0.07232444667999775,neutral,Ti,0.80186284,0.07703479,0.121101245,1.0477039e-06,0.9999989
332,11.699,46342.06992944333,0.466490481764363,-0.014100638488234243,-0.07232444667999775,neutral,Ti,0.611247,0.08105826,0.3076905,4.3273662e-06,0.99999565
336,11.674,47115.17967511719,0.45191528648184376,-0.014100638488234243,-0.07232444667999775,neutral,Ti,0.7331873,0.15267797,0.11412621,8.494221e-06,0.9999915
341,11.645,50137.84546075701,0.45849206630962097,-0.014100638488234243,-0.07232444667999775,neutral,Ti,0.596612,0.100165196,0.3032163,6.5679747e-06,0.99999344
346,11.615,49536.358959001496,0.4497126247320799,-0.014100638488234243,-0.07232444667999775,neutral,Ti,0.81249756,0.053085502,0.13441075,6.1898936e-06,0.9999938
350,11.592,49327.14879856331,0.44905818760851973,-0.014100638488234243,-0.07232444667999775,neutral,Ti,0.6764704,0.12090613,0.20262061,2.8390186e-06,0.99999714
355,11.562,50414.88837464229,0.46019746883613605,-0.014100638488234243,-0.07232444667999775,neutral,Ti,0.69990456,0.055012185,0.24507782,5.4250527e-06,0.9999946
360,11.531,50424.47228229064,0.47537091199350023,-0.014100638488234243,-0.07232444667999775,neutral,Ti,0.6870178,0.030037241,0.2829405,4.481751e-06,0.9999955
365,11.502,48656.99939392738,0.47964757312884526,-0.014100638488234243,-0.07232444667999775,neutral,Ti,0.72049004,0.037159998,0.24234374,6.187703e-06,0.9999938
182,12.771,46755.30323757711,0.3737534635571013,-0.014100638488234243,-0.07232444667999775,neutral,Ti,0.17855248,0.1695575,0.6516569,0.00023314529,0.9997668
186,12.743,47310.42204053953,0.3731720591927436,-0.014100638488234243,-0.07232444667999775,neutral,Ti,0.5263591,0.27285743,0.1993534,0.001430095,0.9985699
191,12.708,47168.175274385816,0.3760488046845941,-0.014100638488234243,-0.07232444667999775,neutral,Ti,0.29445112,0.20057596,0.50487757,9.53577e-05,0.99990463
196,12.673,49443.58600841811,0.3605814868362519,-0.014100638488234243,-0.07232444667999775,neutral,Ti,0.4536944,0.26523566,0.2804121,0.0006577818,0.9993422
200,12.644,49175.85029960503,0.34387598136840886,-0.014100638488234243,-0.07232444667999775,neutral,Ti,0.4713753,0.23536149,0.29294303,0.0003201435,0.99967986
205,12.608,47986.946075537075,0.3123766434229107,-0.014100638488234243,-0.07232444667999775,neutral,Ti,0.52444434,0.21970116,0.25573418,0.000120341996,0.99987966
210,12.573,49771.349517761264,0.3189389643128463,-0.014100638488234243,-0.07232444667999775,neutral,Ti,0.4528499,0.25921753,0.28758374,0.0003488415,0.99965113
214,12.545,49051.0364658945,0.3036666551768578,-0.014100638488234243,-0.07232444667999775,neutral,Ti,0.49394113,0.2621873,0.24359798,0.00027351163,0.9997265
219,12.51,48458.70073872233,0.2937049344140843,-0.014100638488234243,-0.07232444667999775,neutral,Ti,0.46450943,0.22171135,0.31359318,0.00018600853,0.999814
224,12.474,48479.106807461154,0.2900002444842161,-0.014100638488234243,-0.07232444667999775,neutral,Ti,0.51702785,0.22375503,0.25912178,9.542665e-05,0.9999046
228,12.446,48441.67308508819,0.289471803969312,-0.014100638488234243,-0.07232444667999775,neutral,Ti,0.58129835,0.15950806,0.25915393,3.9610488e-05,0.99996036
233,12.411,46277.612803103286,0.3082805046559567,-0.014100638488234243,-0.07232444667999775,neutral,Ti,0.19199473,0.1620574,0.6458772,7.064495e-05,0.99992937
238,12.375,46812.56444330281,0.31755876492807383,-0.014100638488234243,-0.07232444667999775,neutral,Ti,0.26538292,0.14815733,0.5864447,1.513345e-05,0.99998486
243,12.337,45255.5046750981,0.35619490146467714,-0.014100638488234243,-0.07232444667999775,neutral,Ti,0.19750316,0.19631143,0.606178,7.46868e-06,0.99999255
247,12.307,45432.048928749704,0.33987721852422526,-0.014100638488234243,-0.07232444667999775,neutral,Ti,0.38285062,0.30893543,0.30820718,6.7337887e-06,0.99999326
252,12.27,46524.20178774598,0.3630643950433223,-0.014100638488234243,-0.07232444667999775,neutral,Ti,0.16629796,0.20184599,0.63184255,1.3451419e-05,0.9999865
257,12.233,46473.707152443625,0.3669735809683283,-0.014100638488234243,-0.07232444667999775,neutral,Ti,0.42866626,0.22036155,0.35096297,9.242123e-06,0.99999076
261,12.203,47171.33395401575,0.3778960579773689,-0.014100638488234243,-0.07232444667999775,neutral,Ti,0.29884744,0.16990331,0.53123325,1.6044201e-05,0.99998397
266,12.165,47857.585627937086,0.3788121832687293,-0.014100638488234243,-0.07232444667999775,neutral,Ti,0.49489057,0.29951307,0.20558788,8.410006e-06,0.9999916
271,12.127,49469.163256533095,0.3532363480394881,-0.014100638488234243,-0.07232444667999775,neutral,Ti,0.48195407,0.25134167,0.26668015,2.4087785e-05,0.9999759
275,12.097,48318.09558507042,0.3308477551853503,-0.014100638488234243,-0.07232444667999775,neutral,Ti,0.5363009,0.32233626,0.1413504,1.2512949e-05,0.9999875
280,12.06,50088.44682320324,0.3060933001623557,-0.014100638488234243,-0.07232444667999775,neutral,Ti,0.5973167,0.20177297,0.20090692,3.3943168e-06,0.9999966
285,12.024,49691.03699376362,0.31576594158144594,-0.014100638488234243,-0.07232444667999775,neutral,Ti,0.6862585,0.17728092,0.1364505,1.0175583e-05,0.9999898
289,11.997,48991.855352465005,0.30099964414872354,-0.014100638488234243,-0.07232444667999775,neutral,Ti,0.72739375,0.11747652,0.15511768,1.2038512e-05,0.99998796
294,11.962,48211.84952081708,0.2840031843811209,-0.014100638488234243,-0.07232444667999775,neutral,Ti,0.5974866,0.1894912,0.21301667,5.4733496e-06,0.9999945
299,11.928,48378.02311229011,0.2883991815295539,-0.014100638488234243,-0.07232444667999775,neutral,Ti,0.73275083,0.07724822,0.18999521,5.7043744e-06,0.9999943
304,11.893,47940.32812765393,0.30492848686498625,-0.014100638488234243,-0.07232444667999775,neutral,Ti,0.4125916,0.050580148,0.53682756,7.2667325e-07,0.9999993
308,11.865,46249.47935906708,0.30493667576335337,-0.014100638488234243,-0.07232444667999775,neutral,Ti,0.35801286,0.088647485,0.5533387,9.84846e-07,0.999999
313,11.83,47578.74330746298,0.3429752597330379,-0.014100638488234243,-0.07232444667999775,neutral,Ti,0.67482,0.088306755,0.23687172,1.4542218e-06,0.99999857
318,11.795,44896.40416681098,0.35028372004391306,-0.014100638488234243,-0.07232444667999775,neutral,Ti,0.6157946,0.08906827,0.29513663,4.4198833e-07,0.9999996
322,11.767,45534.44621393547,0.3423497554412894,-0.014100638488234243,-0.07232444667999775,neutral,Ti,0.66695607,0.06260292,0.27043942,1.6109817e-06,0.9999984
327,11.732,46664.02840961318,0.36327868047684936,-0.014100638488234243,-0.07232444667999775,neutral,Ti,0.44437757,0.11049259,0.4451288,1.0101528e-06,0.999999
332,11.699,47310.42204053953,0.3731720591927436,-0.014100638488234243,-0.07232444667999775,neutral,Ti,0.8349867,0.07097537,0.09402617,1.1700104e-05,0.9999883
336,11.674,47210.69021015707,0.37383896043464276,-0.014100638488234243,-0.07232444667999775,neutral,Ti,0.24516554,0.052695602,0.7021378,9.655951e-07,0.99999905
341,11.645,47660.29450338087,0.37168032647629157,-0.014100638488234243,-0.07232444667999775,neutral,Ti,0.68719673,0.07813443,0.2346651,3.660394e-06,0.99999636
346,11.615,49175.85029960503,0.34387598136840886,-0.014100638488234243,-0.07232444667999775,neutral,Ti,0.80955744,0.10542264,0.08501624,3.7050718e-06,0.9999963
350,11.592,47736.43950492735,0.3219655001263317,-0.014100638488234243,-0.07232444667999775,neutral,Ti,0.8804275,0.040974274,0.07859215,6.071242e-06,0.9999939
355,11.562,50030.51771326726,0.31548598320769694,-0.014100638488234243,-0.07232444667999775,neutral,Ti,0.9068456,0.03161361,0.061537005,3.6329452e-06,0.99999636
360,11.531,49051.0364658945,0.3036666551768578,-0.014100638488234243,-0.07232444667999775,neutral,Ti,0.8463957,0.032325946,0.12127108,7.3098454e-06,0.99999267
365,11.502,48458.70073872233,0.2937049344140843,-0.014100638488234243,-0.07232444667999775,neutral,Ti,0.77157307,0.06416713,0.1642519,7.98157e-06,0.999992
182,12.771,46549.53007055493,0.40102268868782837,-0.014100638488234243,-0.07232444667999775,neutral,Ti,0.33157155,0.21912095,0.44899684,0.00031068106,0.99968934
186,12.743,45480.93073588479,0.3864398420826632,-0.014100638488234243,-0.07232444667999775,neutral,Ti,0.5584451,0.25866634,0.18210031,0.0007882494,0.9992117
191,12.708,44970.64851459962,0.37467892031228944,-0.014100638488234243,-0.07232444667999775,neutral,Ti,0.34575486,0.21561995,0.4384424,0.00018275584,0.99981725
196,12.673,44647.05797309773,0.3755598700124708,-0.014100638488234243,-0.07232444667999775,neutral,Ti,0.3786232,0.21724881,0.40396628,0.00016172903,0.9998383
200,12.644,42385.31977552515,0.41146184146871806,-0.014100638488234243,-0.07232444667999775,neutral,Ti,0.42648333,0.22215351,0.3510014,0.0003618131,0.9996382
205,12.608,44008.71337178986,0.4111514361789874,-0.014100638488234243,-0.07232444667999775,neutral,Ti,0.47857925,0.21411255,0.3072174,9.081759e-05,0.99990916
210,12.573,47539.847508290055,0.4435639994876107,-0.014100638488234243,-0.07232444667999775,neutral,Ti,0.17797601,0.29424098,0.52773315,4.9842263e-05,0.9999502
214,12.545,47729.52433207892,0.43902029492832373,-0.014100638488234243,-0.07232444667999775,neutral,Ti,0.28944814,0.2943034,0.41610762,0.00014082578,0.99985915
219,12.51,49036.35329283249,0.45370374406375685,-0.014100638488234243,-0.07232444667999775,neutral,Ti,0.32860345,0.25356147,0.41778222,5.2870415e-05,0.99994713
224,12.474,50364.50369076225,0.47475254127284705,-0.014100638488234243,-0.07232444667999775,neutral,Ti,0.40798804,0.22859628,0.36335167,6.396383e-05,0.99993604
228,12.446,50700.67957813729,0.4747795467125194,-0.014100638488234243,-0.07232444667999775,neutral,Ti,0.4452537,0.17594479,0.37875202,4.9518956e-05,0.99995047
233,12.411,50792.74234908414,0.47171085518122996,-0.014100638488234243,-0.07232444667999775,neutral,Ti,0.5103323,0.23363735,0.25599292,3.7390935e-05,0.9999626
238,12.375,52189.16457284993,0.4341031958164195,-0.014100638488234243,-0.07232444667999775,neutral,Ti,0.32554248,0.21543518,0.4590119,1.04132705e-05,0.99998957
243,12.337,48741.50518355891,0.4264792821800096,-0.014100638488234243,-0.07232444667999775,neutral,Ti,0.46093968,0.25049272,0.28851122,5.634096e-05,0.9999437
247,12.307,47798.68968675897,0.4228017440890981,-0.014100638488234243,-0.07232444667999775,neutral,Ti,0.51232517,0.3753746,0.11227006,3.020482e-05,0.9999698
252,12.27,47240.05518095008,0.41781029782460044,-0.014100638488234243,-0.07232444667999775,neutral,Ti,0.50087684,0.26787844,0.23122105,2.357454e-05,0.9999764
257,12.233,46017.864160166064,0.3933227539392983,-0.014100638488234243,-0.07232444667999775,neutral,Ti,0.5733473,0.20814282,0.21848255,2.7507558e-05,0.99997246
261,12.203,45088.95593559451,0.38195805411513284,-0.014100638488234243,-0.07232444667999775,neutral,Ti,0.4790385,0.30560312,0.21533665,2.1660198e-05,0.99997836
266,12.165,44859.198773623946,0.3763008611338755,-0.014100638488234243,-0.07232444667999775,neutral,Ti,0.60286194,0.19927397,0.19785598,8.111925e-06,0.9999919
271,12.127,44054.61910707307,0.3879199696207838,-0.014100638488234243,-0.07232444667999775,neutral,Ti,0.32420072,0.1683584,0.5074125,2.836565e-05,0.9999716
275,12.097,43543.63060259317,0.42407060471257446,-0.014100638488234243,-0.07232444667999775,neutral,Ti,0.6121413,0.13319904,0.25465587,3.7513287e-06,0.99999624
280,12.06,46714.347631700315,0.4277998438463371,-0.014100638488234243,-0.07232444667999775,neutral,Ti,0.5157677,0.1839675,0.3002517,1.3089166e-05,0.9999869
285,12.024,47331.216362067906,0.44628412903427556,-0.014100638488234243,-0.07232444667999775,neutral,Ti,0.4108737,0.14520624,0.4439136,6.4755104e-06,0.9999935
289,11.997,48101.93865009196,0.43610752677840803,-0.014100638488234243,-0.07232444667999775,neutral,Ti,0.44692814,0.23005062,0.32301265,8.665443e-06,0.99999136
294,11.962,49637.43759272913,0.4612788421728731,-0.014100638488234243,-0.07232444667999775,neutral,Ti,0.42162627,0.32812867,0.2502432,1.8682582e-06,0.99999815
299,11.928,50416.84926169238,0.4741095059596979,-0.014100638488234243,-0.07232444667999775,neutral,Ti,0.6381546,0.12006177,0.24178156,1.9973897e-06,0.999998
304,11.893,50747.38765468284,0.48064486907274767,-0.014100638488234243,-0.07232444667999775,neutral,Ti,0.5329923,0.1300038,0.33700353,3.7565508e-07,0.99999964
308,11.865,51378.262696388534,0.4654996510580089,-0.014100638488234243,-0.07232444667999775,neutral,Ti,0.37158996,0.102507934,0.52590066,1.3960563e-06,0.9999986
313,11.83,51590.2229078296,0.4444709945627765,-0.014100638488234243,-0.07232444667999775,neutral,Ti,0.60656214,0.13090391,0.2625307,3.2297771e-06,0.9999968
318,11.795,47393.479052064446,0.4196842068701646,-0.014100638488234243,-0.07232444667999775,neutral,Ti,0.7890358,0.14945094,0.061496757,1.6504848e-05,0.9999835
322,11.767,47882.78810665306,0.420935678041823,-0.014100638488234243,-0.07232444667999775,neutral,Ti,0.7477458,0.110343374,0.14190616,4.7124104e-06,0.9999953
327,11.732,46785.607482070875,0.40846450209578855,-0.014100638488234243,-0.07232444667999775,neutral,Ti,0.717264,0.09623019,0.18649758,8.219696e-06,0.9999918
332,11.699,45480.93073588479,0.3864398420826632,-0.014100638488234243,-0.07232444667999775,neutral,Ti,0.8502794,0.082709365,0.06699312,1.8267538e-05,0.99998176
336,11.674,45269.84293625691,0.3790700047718447,-0.014100638488234243,-0.07232444667999775,neutral,Ti,0.65336716,0.08836268,0.2582671,3.0211788e-06,0.99999696
341,11.645,44801.93291451788,0.38211224275112693,-0.014100638488234243,-0.07232444667999775,neutral,Ti,0.82673085,0.031821854,0.14144382,3.4299994e-06,0.99999654
346,11.615,42385.31977552515,0.41146184146871806,-0.014100638488234243,-0.07232444667999775,neutral,Ti,0.86892605,0.029213257,0.10184602,1.4581645e-05,0.9999854
350,11.592,44094.03585909558,0.4122194753407346,-0.014100638488234243,-0.07232444667999775,neutral,Ti,0.6706433,0.11458406,0.2147707,1.9435263e-06,0.99999803
355,11.562,47851.49065695328,0.4374341689602566,-0.014100638488234243,-0.07232444667999775,neutral,Ti,0.7390665,0.03003335,0.23089722,2.9195119e-06,0.9999971
360,11.531,47729.52433207892,0.43902029492832373,-0.014100638488234243,-0.07232444667999775,neutral,Ti,0.47644505,0.02983057,0.49372023,4.140603e-06,0.9999959
365,11.502,49036.35329283249,0.45370374406375685,-0.014100638488234243,-0.07232444667999775,neutral,Ti,0.8011338,0.10008057,0.09877692,8.720703e-06,0.9999913
182,12.771,47367.01234449148,0.3235712727987242,-0.014100638488234243,-0.07232444667999775,neutral,Ti,0.38175604,0.17400245,0.44416595,7.54935e-05,0.9999245
186,12.743,48946.52380323905,0.2983723662184012,-0.014100638488234243,-0.07232444667999775,neutral,Ti,0.2335972,0.174681,0.59168214,3.961198e-05,0.99996036
191,12.708,49162.78563187286,0.3131886839942596,-0.014100638488234243,-0.07232444667999775,neutral,Ti,0.22749299,0.26564804,0.5066764,0.00018260475,0.9998174
196,12.673,47135.33071063158,0.3222648353543332,-0.014100638488234243,-0.07232444667999775,neutral,Ti,0.2248148,0.37056997,0.40433928,0.0002758989,0.9997241
200,12.644,48798.8563268413,0.3513599808026273,-0.014100638488234243,-0.07232444667999775,neutral,Ti,0.29963854,0.20044911,0.4998147,9.769111e-05,0.9999023
205,12.608,48747.176371095855,0.3566248520263777,-0.014100638488234243,-0.07232444667999775,neutral,Ti,0.28844863,0.31345272,0.39807183,2.6875432e-05,0.9999731
210,12.573,48826.129324076726,0.3411455486713718,-0.014100638488234243,-0.07232444667999775,neutral,Ti,0.3402763,0.18183996,0.477853,3.0792715e-05,0.9999692
214,12.545,48468.59350468941,0.33294012586800253,-0.014100638488234243,-0.07232444667999775,neutral,Ti,0.2677173,0.18875915,0.5435016,2.1959553e-05,0.99997807
219,12.51,48179.72715450272,0.3287532379806988,-0.014100638488234243,-0.07232444667999775,neutral,Ti,0.22650255,0.1431122,0.63037795,7.2534835e-06,0.9999927
224,12.474,46674.45256071351,0.3486968563098453,-0.014100638488234243,-0.07232444667999775,neutral,Ti,0.42357826,0.2379559,0.338439,2.6867761e-05,0.9999731
228,12.446,45727.6686766162,0.3406693863703744,-0.014100638488234243,-0.07232444667999775,neutral,Ti,0.40437412,0.25303352,0.34258068,1.1703781e-05,0.9999883
233,12.411,48077.101463593004,0.3242963844995349,-0.014100638488234243,-0.07232444667999775,neutral,Ti,0.5004669,0.24571937,0.25377756,3.614969e-05,0.9999639
238,12.375,46855.536826684176,0.301066115195802,-0.014100638488234243,-0.07232444667999775,neutral,Ti,0.25245896,0.40684044,0.34069484,5.7347347e-06,0.9999943
243,12.337,46943.90290876493,0.29525523468900416,-0.014100638488234243,-0.07232444667999775,neutral,Ti,0.27691594,0.27381644,0.44926187,5.72039e-06,0.9999943
247,12.307,46410.5266463385,0.30397938713517964,-0.014100638488234243,-0.07232444667999775,neutral,Ti,0.29582855,0.37408495,0.33008125,5.250545e-06,0.99999475
252,12.27,47052.066853647215,0.31535277479430146,-0.014100638488234243,-0.07232444667999775,neutral,Ti,0.3452627,0.09329258,0.5614418,2.9013172e-06,0.9999971
257,12.233,46902.406470039685,0.3208267402783445,-0.014100638488234243,-0.07232444667999775,neutral,Ti,0.6577313,0.06550606,0.27675736,5.2463092e-06,0.99999475
261,12.203,48093.22766266806,0.2942191900591569,-0.014100638488234243,-0.07232444667999775,neutral,Ti,0.49649656,0.12466843,0.37883088,4.17231e-06,0.9999958
266,12.165,48651.062449631594,0.30391440069014075,-0.014100638488234243,-0.07232444667999775,neutral,Ti,0.24557456,0.090424284,0.6639982,2.9529676e-06,0.999997
271,12.127,48394.6533652338,0.33974290539604907,-0.014100638488234243,-0.07232444667999775,neutral,Ti,0.3600282,0.11724216,0.5227283,1.3992761e-06,0.9999986
275,12.097,48674.05021939159,0.3538109985782481,-0.014100638488234243,-0.07232444667999775,neutral,Ti,0.44941875,0.11356102,0.43701917,1.0431822e-06,0.9999989
280,12.06,48498.21984478469,0.3529891232750851,-0.014100638488234243,-0.07232444667999775,neutral,Ti,0.81044406,0.066406414,0.12314716,2.4345882e-06,0.99999756
285,12.024,48743.478028322555,0.34368589227122853,-0.014100638488234243,-0.07232444667999775,neutral,Ti,0.7605606,0.071434766,0.1680024,2.2806578e-06,0.99999774
289,11.997,48032.23052873961,0.32741433171080825,-0.014100638488234243,-0.07232444667999775,neutral,Ti,0.7048534,0.07517957,0.21996635,5.79346e-07,0.9999994
294,11.962,46517.90860126907,0.3556397283278798,-0.014100638488234243,-0.07232444667999775,neutral,Ti,0.5884539,0.10559329,0.30595192,8.4269925e-07,0.99999917
299,11.928,46458.77672445173,0.33995612671816533,-0.014100638488234243,-0.07232444667999775,neutral,Ti,0.64844257,0.18202797,0.16952871,6.9668437e-07,0.9999993
304,11.893,46869.01998238212,0.3433417976999696,-0.014100638488234243,-0.07232444667999775,neutral,Ti,0.59122056,0.0909891,0.31778806,2.3443645e-06,0.9999977
308,11.865,46842.56858833179,0.29379990830112324,-0.014100638488234243,-0.07232444667999775,neutral,Ti,0.6500396,0.11425029,0.2357092,8.665132e-07,0.9999991
313,11.83,46482.662676303036,0.2905123971265308,-0.014100638488234243,-0.07232444667999775,neutral,Ti,0.722798,0.08907936,0.18812059,2.03055e-06,0.999998
318,11.795,46922.80548345251,0.3052423242631419,-0.014100638488234243,-0.07232444667999775,neutral,Ti,0.8031504,0.07260715,0.12423912,3.3770157e-06,0.9999966
322,11.767,46693.63685518047,0.3081336614411676,-0.014100638488234243,-0.07232444667999775,neutral,Ti,0.7696782,0.032063976,0.19825535,2.4548442e-06,0.99999756
327,11.732,47350.14601654788,0.3218480548135696,-0.014100638488234243,-0.07232444667999775,neutral,Ti,0.7515878,0.04179821,0.20661375,3.355114e-07,0.99999964
332,11.699,48946.52380323905,0.2983723662184012,-0.014100638488234243,-0.07232444667999775,neutral,Ti,0.6394869,0.019536076,0.34097657,4.6671636e-07,0.9999995
336,11.674,48894.37570007727,0.3059435253066849,-0.014100638488234243,-0.07232444667999775,neutral,Ti,0.45369044,0.009797886,0.5365091,2.599454e-06,0.9999974
341,11.645,48707.53243005023,0.3081698897984628,-0.014100638488234243,-0.07232444667999775,neutral,Ti,0.82582355,0.023954555,0.1502117,1.0255944e-05,0.99998975
346,11.615,48798.8563268413,0.3513599808026273,-0.014100638488234243,-0.07232444667999775,neutral,Ti,0.8645143,0.072434075,0.063049614,1.9573363e-06,0.99999803
350,11.592,48717.84429162321,0.3553743502010439,-0.014100638488234243,-0.07232444667999775,neutral,Ti,0.6968711,0.025592891,0.27753523,8.1228706e-07,0.99999917
355,11.562,48688.15764012359,0.34776093589646173,-0.014100638488234243,-0.07232444667999775,neutral,Ti,0.8440411,0.014762957,0.14119501,1.0070778e-06,0.999999
360,11.531,48468.59350468941,0.33294012586800253,-0.014100638488234243,-0.07232444667999775,neutral,Ti,0.8048267,0.036195595,0.15897621,1.579573e-06,0.9999984
365,11.502,48179.72715450272,0.3287532379806988,-0.014100638488234243,-0.07232444667999775,neutral,Ti,0.47139534,0.025127174,0.50347716,3.46041e-07,0.99999964
182,12.771,48068.16791203974,0.40677674126699953,-0.014100638488234243,-0.07232444667999775,neutral,Ti,0.26083907,0.2434748,0.49555528,0.00013074445,0.9998692
186,12.743,48839.084286493875,0.4126589648081758,-0.014100638488234243,-0.07232444667999775,neutral,Ti,0.48715556,0.3602485,0.15244938,0.0001465846,0.99985343
191,12.708,47947.000132041874,0.4475049965265638,-0.014100638488234243,-0.07232444667999775,neutral,Ti,0.36764,0.24891889,0.3833794,6.171208e-05,0.9999383
196,12.673,48350.63939279721,0.446333520806943,-0.014100638488234243,-0.07232444667999775,neutral,Ti,0.4493247,0.19105609,0.3595276,9.1744434e-05,0.99990827
200,12.644,49459.66517876866,0.4644360544619273,-0.014100638488234243,-0.07232444667999775,neutral,Ti,0.25858644,0.17568941,0.56571007,1.4070815e-05,0.99998593
205,12.608,50314.73487535405,0.45723912745267464,-0.014100638488234243,-0.07232444667999775,neutral,Ti,0.3077995,0.2676234,0.4245285,4.860211e-05,0.9999514
210,12.573,48432.22217379202,0.4423266623431594,-0.014100638488234243,-0.07232444667999775,neutral,Ti,0.37705955,0.22599547,0.3969239,2.1092814e-05,0.9999789
214,12.545,46229.702176263076,0.4413442408096615,-0.014100638488234243,-0.07232444667999775,neutral,Ti,0.4847907,0.2213346,0.29383907,3.564022e-05,0.99996436
219,12.51,46943.483722096586,0.45115707544255523,-0.014100638488234243,-0.07232444667999775,neutral,Ti,0.48525763,0.15489416,0.35982537,2.2868624e-05,0.9999771
224,12.474,45938.221257561876,0.4370899087731857,-0.014100638488234243,-0.07232444667999775,neutral,Ti,0.3478666,0.17954952,0.47257063,1.3229872e-05,0.99998677
228,12.446,47415.817857042326,0.41968034264710957,-0.014100638488234243,-0.07232444667999775,neutral,Ti,0.46930012,0.3157979,0.21487646,2.5548394e-05,0.9999744
233,12.411,46434.83516731263,0.4083043785653725,-0.014100638488234243,-0.07232444667999775,neutral,Ti,0.4776847,0.20642346,0.31584978,4.2029435e-05,0.999958
238,12.375,46214.38386739793,0.40117352213978247,-0.014100638488234243,-0.07232444667999775,neutral,Ti,0.41867507,0.22693406,0.35437933,1.1504595e-05,0.9999885
243,12.337,46177.52320891079,0.41111670051439875,-0.014100638488234243,-0.07232444667999775,neutral,Ti,0.5133035,0.26162532,0.22506431,6.8718414e-06,0.99999315
247,12.307,47235.42693471249,0.4256864440351245,-0.014100638488234243,-0.07232444667999775,neutral,Ti,0.45172787,0.30084303,0.24742301,6.032764e-06,0.999994
252,12.27,48723.19174669942,0.4082046414280933,-0.014100638488234243,-0.07232444667999775,neutral,Ti,0.43199614,0.15180047,0.41619548,7.9809715e-06,0.999992
257,12.233,48060.458693523105,0.4047210041167513,-0.014100638488234243,-0.07232444667999775,neutral,Ti,0.49150482,0.21258037,0.2958979,1.7010056e-05,0.999983
261,12.203,49473.4763097329,0.43968062192016455,-0.014100638488234243,-0.07232444667999775,neutral,Ti,0.58123475,0.2681455,0.15060961,1.0094605e-05,0.9999899
266,12.165,48298.186565904114,0.4477282351556725,-0.014100638488234243,-0.07232444667999775,neutral,Ti,0.7449259,0.13305503,0.12200919,9.870579e-06,0.9999901
271,12.127,49534.153150465434,0.46125623326103743,-0.014100638488234243,-0.07232444667999775,neutral,Ti,0.60120976,0.1006542,0.29813415,1.842205e-06,0.99999815
275,12.097,49512.871287015754,0.46658620449846083,-0.014100638488234243,-0.07232444667999775,neutral,Ti,0.4997978,0.04943429,0.45076454,3.4419113e-06,0.99999654
280,12.06,49230.02288921326,0.44337090786884376,-0.014100638488234243,-0.07232444667999775,neutral,Ti,0.45708707,0.17967884,0.36323142,2.6057983e-06,0.9999974
285,12.024,47475.82491930772,0.42669910612960227,-0.014100638488234243,-0.07232444667999775,neutral,Ti,0.33702716,0.12678038,0.5361875,4.902209e-06,0.9999951
289,11.997,46464.57713746193,0.4518409585685774,-0.014100638488234243,-0.07232444667999775,neutral,Ti,0.7154157,0.17559753,0.108984955,1.7565845e-06,0.9999983
294,11.962,46702.48864015914,0.44766819094879523,-0.014100638488234243,-0.07232444667999775,neutral,Ti,0.6361635,0.12667274,0.23716113,2.6326552e-06,0.9999974
299,11.928,47640.35257076721,0.41707251880974694,-0.014100638488234243,-0.07232444667999775,neutral,Ti,0.80955994,0.09231967,0.09811457,5.9076206e-06,0.9999941
304,11.893,47181.47029853709,0.4203887723681068,-0.014100638488234243,-0.07232444667999775,neutral,Ti,0.8416398,0.09964809,0.058707856,4.2154365e-06,0.99999577
308,11.865,46176.47781328257,0.40417503690702083,-0.014100638488234243,-0.07232444667999775,neutral,Ti,0.8447096,0.08384857,0.07143804,3.820084e-06,0.9999962
313,11.83,45395.51396044078,0.41104367203305525,-0.014100638488234243,-0.07232444667999775,neutral,Ti,0.85548145,0.056288425,0.08822445,5.7480192e-06,0.9999943
318,11.795,47099.87721200457,0.42328293175053217,-0.014100638488234243,-0.07232444667999775,neutral,Ti,0.6429845,0.07785776,0.27915487,2.9219316e-06,0.9999971
322,11.767,47501.47177032783,0.42367656302301704,-0.014100638488234243,-0.07232444667999775,neutral,Ti,0.7435845,0.05426351,0.20214655,5.4058055e-06,0.9999946
327,11.732,48325.1686507651,0.41251507494090717,-0.014100638488234243,-0.07232444667999775,neutral,Ti,0.6806569,0.042539008,0.27680176,2.2638933e-06,0.99999774
332,11.699,48839.084286493875,0.4126589648081758,-0.014100638488234243,-0.07232444667999775,neutral,Ti,0.9061713,0.023067178,0.070755705,5.8600704e-06,0.99999416
336,11.674,47901.858578219246,0.4466652750202968,-0.014100638488234243,-0.07232444667999775,neutral,Ti,0.8059963,0.040146664,0.15385458,2.5255438e-06,0.9999975
341,11.645,48106.88619698016,0.4496060973736771,-0.014100638488234243,-0.07232444667999775,neutral,Ti,0.7509071,0.027034286,0.22205506,3.4801583e-06,0.99999654
346,11.615,49459.66517876866,0.4644360544619273,-0.014100638488234243,-0.07232444667999775,neutral,Ti,0.7567415,0.037581034,0.20567669,6.946296e-07,0.9999993
350,11.592,50240.988759079875,0.4655851940840778,-0.014100638488234243,-0.07232444667999775,neutral,Ti,0.8162258,0.024368662,0.15940306,2.575038e-06,0.99999744
355,11.562,48410.48109363725,0.4408223373535899,-0.014100638488234243,-0.07232444667999775,neutral,Ti,0.8503606,0.017361173,0.13225995,1.8256427e-05,0.99998176
360,11.531,46229.702176263076,0.4413442408096615,-0.014100638488234243,-0.07232444667999775,neutral,Ti,0.91018045,0.021140538,0.06867623,2.8230982e-06,0.9999972
365,11.502,46943.483722096586,0.45115707544255523,-0.014100638488234243,-0.07232444667999775,neutral,Ti,0.89948964,0.028271263,0.07223499,4.062605e-06,0.99999595
182,12.771,45798.50763604857,0.43166681214599895,-0.014100638488234243,-0.07232444667999775,neutral,Ti,0.3830834,0.28057116,0.3356735,0.00067195087,0.9993281
186,12.743,46668.043984001306,0.41125609448478384,-0.014100638488234243,-0.07232444667999775,neutral,Ti,0.46326873,0.25163564,0.28389278,0.001202802,0.9987972
191,12.708,46858.485254842795,0.4159102216272674,-0.014100638488234243,-0.07232444667999775,neutral,Ti,0.36072496,0.19138937,0.44770533,0.00018039504,0.9998196
196,12.673,46398.332447205605,0.4094615212524567,-0.014100638488234243,-0.07232444667999775,neutral,Ti,0.48397136,0.21652867,0.29919946,0.00030052642,0.9996995
200,12.644,45563.29464769461,0.41779838482376364,-0.014100638488234243,-0.07232444667999775,neutral,Ti,0.36752158,0.20676795,0.4254984,0.00021214662,0.99978787
205,12.608,46227.4174836691,0.4302914197590262,-0.014100638488234243,-0.07232444667999775,neutral,Ti,0.33097467,0.23362316,0.43514898,0.0002532494,0.99974674
210,12.573,48621.921858505826,0.4252296852234452,-0.014100638488234243,-0.07232444667999775,neutral,Ti,0.355068,0.22304893,0.42178607,9.691235e-05,0.9999031
214,12.545,48112.17216113813,0.42480655144779855,-0.014100638488234243,-0.07232444667999775,neutral,Ti,0.3321033,0.29720795,0.37050146,0.00018726161,0.9998127
219,12.51,49660.35398960313,0.42457863532321327,-0.014100638488234243,-0.07232444667999775,neutral,Ti,0.37463763,0.25467777,0.37053347,0.00015108654,0.9998489
224,12.474,48738.56359664696,0.43423801792418376,-0.014100638488234243,-0.07232444667999775,neutral,Ti,0.45540068,0.2960069,0.24826843,0.00032398562,0.999676
228,12.446,48698.12396049732,0.4365409371262719,-0.014100638488234243,-0.07232444667999775,neutral,Ti,0.3440197,0.22061932,0.43533444,2.656399e-05,0.9999734
233,12.411,48978.591094129384,0.4339692228770897,-0.014100638488234243,-0.07232444667999775,neutral,Ti,0.56231,0.26813373,0.16949368,6.2660845e-05,0.99993736
238,12.375,48985.03961943186,0.42475460948096805,-0.014100638488234243,-0.07232444667999775,neutral,Ti,0.45638582,0.28198454,0.2615254,0.00010424074,0.99989575
243,12.337,48843.14101893827,0.412579348568456,-0.014100638488234243,-0.07232444667999775,neutral,Ti,0.34569004,0.17057796,0.4836815,5.0526683e-05,0.99994946
247,12.307,46751.48854035229,0.4125278007935123,-0.014100638488234243,-0.07232444667999775,neutral,Ti,0.25181442,0.17180263,0.5763587,2.4341312e-05,0.9999757
252,12.27,45619.53509771248,0.4124841512007962,-0.014100638488234243,-0.07232444667999775,neutral,Ti,0.33542946,0.2277119,0.4368379,2.0674035e-05,0.9999793
257,12.233,46516.66177040093,0.4308155978815317,-0.014100638488234243,-0.07232444667999775,neutral,Ti,0.33697656,0.20222622,0.46078387,1.3291421e-05,0.9999867
261,12.203,46557.80466048009,0.4081837577612268,-0.014100638488234243,-0.07232444667999775,neutral,Ti,0.46936592,0.22578354,0.30483955,1.1008272e-05,0.999989
266,12.165,46863.85763176022,0.4133697730171972,-0.014100638488234243,-0.07232444667999775,neutral,Ti,0.6541333,0.18269181,0.16316567,9.1968195e-06,0.9999908
271,12.127,45645.715404123075,0.3996554302408906,-0.014100638488234243,-0.07232444667999775,neutral,Ti,0.55530834,0.28272048,0.16196622,5.0618974e-06,0.99999493
275,12.097,46481.52969717154,0.4290541785951486,-0.014100638488234243,-0.07232444667999775,neutral,Ti,0.3793411,0.17667352,0.44396517,2.0260559e-05,0.99997973
280,12.06,46553.08500138765,0.4286572236673518,-0.014100638488234243,-0.07232444667999775,neutral,Ti,0.48935,0.23529719,0.2753481,4.6383084e-06,0.99999535
285,12.024,49191.11365200723,0.4416537399067115,-0.014100638488234243,-0.07232444667999775,neutral,Ti,0.4402403,0.33445054,0.22530372,5.4378456e-06,0.9999946
289,11.997,49562.30775964816,0.42561847301473776,-0.014100638488234243,-0.07232444667999775,neutral,Ti,0.5465954,0.22338948,0.2299994,1.5698946e-05,0.9999843
294,11.962,48705.37589213353,0.4380732122562702,-0.014100638488234243,-0.07232444667999775,neutral,Ti,0.72532415,0.13705122,0.13760597,1.8641547e-05,0.99998134
299,11.928,48412.12657829957,0.42944716527850063,-0.014100638488234243,-0.07232444667999775,neutral,Ti,0.6659655,0.27281097,0.06122058,2.9400364e-06,0.9999971
304,11.893,48693.89797749329,0.4345663905996805,-0.014100638488234243,-0.07232444667999775,neutral,Ti,0.6729949,0.16854623,0.15845251,6.4433148e-06,0.99999356
308,11.865,49485.10799542328,0.43882971094466544,-0.014100638488234243,-0.07232444667999775,neutral,Ti,0.7002388,0.053591616,0.24616446,5.156512e-06,0.9999948
313,11.83,49151.17075378219,0.42265761023636067,-0.014100638488234243,-0.07232444667999775,neutral,Ti,0.5696852,0.06297922,0.36732996,5.6518147e-06,0.99999434
318,11.795,48571.52535385559,0.418597210503596,-0.014100638488234243,-0.07232444667999775,neutral,Ti,0.55601084,0.099730544,0.34425542,3.156854e-06,0.99999684
322,11.767,46510.81909474731,0.41276259435054996,-0.014100638488234243,-0.07232444667999775,neutral,Ti,0.863348,0.044333167,0.09231179,7.0879264e-06,0.9999929
327,11.732,45938.38878571992,0.4256222506964692,-0.014100638488234243,-0.07232444667999775,neutral,Ti,0.55854255,0.03618289,0.40527168,2.8850716e-06,0.99999714
332,11.699,46668.043984001306,0.41125609448478384,-0.014100638488234243,-0.07232444667999775,neutral,Ti,0.8161518,0.05815928,0.12568766,1.2470049e-06,0.99999875
336,11.674,46844.91806452711,0.40872477144673075,-0.014100638488234243,-0.07232444667999775,neutral,Ti,0.64389557,0.051752772,0.30435023,1.3894075e-06,0.9999986
341,11.645,46213.17377725218,0.4140635246528392,-0.014100638488234243,-0.07232444667999775,neutral,Ti,0.74246633,0.11903854,0.1384931,2.0273242e-06,0.999998
346,11.615,45563.29464769461,0.41779838482376364,-0.014100638488234243,-0.07232444667999775,neutral,Ti,0.80367464,0.042616803,0.15369427,1.4324253e-05,0.9999857
350,11.592,46337.76012884821,0.4259465634465088,-0.014100638488234243,-0.07232444667999775,neutral,Ti,0.7007316,0.13463446,0.16463165,2.3443476e-06,0.9999977
355,11.562,46597.50905287599,0.4246146042423927,-0.014100638488234243,-0.07232444667999775,neutral,Ti,0.7928899,0.117221795,0.08988695,1.3258159e-06,0.9999987
360,11.531,48112.17216113813,0.42480655144779855,-0.014100638488234243,-0.07232444667999775,neutral,Ti,0.6575653,0.07383802,0.26858675,9.871331e-06,0.9999901
365,11.502,49660.35398960313,0.42457863532321327,-0.014100638488234243,-0.07232444667999775,neutral,Ti,0.73267114,0.036825985,0.23049527,7.60855e-06,0.9999924
182,12.771,48615.54794399391,0.4482385000844015,-0.014100638488234243,-0.07232444667999775,neutral,Ti,0.55845857,0.21775413,0.22316913,0.00061817025,0.99938184
186,12.743,47619.65882389548,0.43981472956768386,-0.014100638488234243,-0.07232444667999775,neutral,Ti,0.45507693,0.22629425,0.31788716,0.0007416955,0.9992583
191,12.708,46143.98068754146,0.439626522141436,-0.014100638488234243,-0.07232444667999775,neutral,Ti,0.30417827,0.27874714,0.4162592,0.0008153489,0.99918467
196,12.673,45785.641494851276,0.42750733165713456,-0.014100638488234243,-0.07232444667999775,neutral,Ti,0.4749646,0.26678616,0.2574698,0.00077940617,0.9992206
200,12.644,46179.03073059317,0.4299540814427777,-0.014100638488234243,-0.07232444667999775,neutral,Ti,0.25641608,0.19343176,0.54997754,0.00017467915,0.9998253
205,12.608,45814.956503751135,0.42262757210767576,-0.014100638488234243,-0.07232444667999775,neutral,Ti,0.44115525,0.24287318,0.3158208,0.00015068022,0.9998493
210,12.573,43837.8166429658,0.4490338101811111,-0.014100638488234243,-0.07232444667999775,neutral,Ti,0.40948108,0.23656581,0.35355866,0.0003943719,0.99960566
214,12.545,45194.18406241207,0.44302119286188263,-0.014100638488234243,-0.07232444667999775,neutral,Ti,0.3862166,0.21734379,0.396072,0.00036763464,0.99963236
219,12.51,46934.40487435406,0.4547240237020643,-0.014100638488234243,-0.07232444667999775,neutral,Ti,0.25782824,0.24327362,0.49885204,4.6121397e-05,0.99995387
224,12.474,46748.322297807164,0.45191666532063435,-0.014100638488234243,-0.07232444667999775,neutral,Ti,0.40883687,0.29345113,0.2976538,5.816132e-05,0.9999418
228,12.446,48905.489609890305,0.4466268897502415,-0.014100638488234243,-0.07232444667999775,neutral,Ti,0.52125615,0.29206488,0.18662846,5.0531125e-05,0.99994946
233,12.411,49439.8764261318,0.46817559395621366,-0.014100638488234243,-0.07232444667999775,neutral,Ti,0.27680907,0.1792869,0.5438422,6.187112e-05,0.99993813
238,12.375,49643.7585543571,0.47387818689200534,-0.014100638488234243,-0.07232444667999775,neutral,Ti,0.26198417,0.18042523,0.5575508,3.984491e-05,0.9999602
243,12.337,49846.28872118979,0.4765190433213204,-0.014100638488234243,-0.07232444667999775,neutral,Ti,0.42663082,0.3634692,0.20980422,9.5692674e-05,0.99990433
247,12.307,50853.051790714955,0.4572779694595853,-0.014100638488234243,-0.07232444667999775,neutral,Ti,0.5566626,0.32145265,0.12183538,4.937357e-05,0.99995065
252,12.27,49735.776784046706,0.4521391178473424,-0.014100638488234243,-0.07232444667999775,neutral,Ti,0.5287978,0.31602207,0.15505257,0.00012756471,0.99987245
257,12.233,48377.87861549099,0.4445855796492369,-0.014100638488234243,-0.07232444667999775,neutral,Ti,0.5998759,0.28874305,0.11133963,4.1389754e-05,0.99995863
261,12.203,48082.17086300505,0.437883205196354,-0.014100638488234243,-0.07232444667999775,neutral,Ti,0.46674114,0.2588899,0.27432656,4.2447275e-05,0.99995756
266,12.165,45262.94097314571,0.4271248198311995,-0.014100638488234243,-0.07232444667999775,neutral,Ti,0.7022595,0.14035282,0.15730178,8.595733e-05,0.99991405
271,12.127,45835.463142121705,0.4343461744896539,-0.014100638488234243,-0.07232444667999775,neutral,Ti,0.7065666,0.1685851,0.12472719,0.000121107114,0.9998789
275,12.097,45607.95126681201,0.4257143440654605,-0.014100638488234243,-0.07232444667999775,neutral,Ti,0.6383648,0.19262582,0.16899166,1.7778131e-05,0.99998224
280,12.06,45559.3763695631,0.4221087237993412,-0.014100638488234243,-0.07232444667999775,neutral,Ti,0.6785224,0.09368185,0.22776887,2.6889711e-05,0.9999731
285,12.024,45066.24974553914,0.4449724381887358,-0.014100638488234243,-0.07232444667999775,neutral,Ti,0.47711655,0.28053835,0.24233267,1.2343441e-05,0.99998766
289,11.997,45911.7750177696,0.45044317080745644,-0.014100638488234243,-0.07232444667999775,neutral,Ti,0.583559,0.23925471,0.17717017,1.6166687e-05,0.99998385
294,11.962,47126.109306917024,0.4521021937702587,-0.014100638488234243,-0.07232444667999775,neutral,Ti,0.6225861,0.13399749,0.24339648,1.9940837e-05,0.99998003
299,11.928,46581.62188736304,0.44809064133931154,-0.014100638488234243,-0.07232444667999775,neutral,Ti,0.71939194,0.18272719,0.09787424,6.6433295e-06,0.9999934
304,11.893,49901.0387318971,0.47234076941233694,-0.014100638488234243,-0.07232444667999775,neutral,Ti,0.7350379,0.19569726,0.06925642,8.305166e-06,0.9999917
308,11.865,49832.14051922423,0.47400124504170493,-0.014100638488234243,-0.07232444667999775,neutral,Ti,0.7966467,0.10107784,0.10225201,2.342005e-05,0.9999766
313,11.83,50004.88921055088,0.4781222749649829,-0.014100638488234243,-0.07232444667999775,neutral,Ti,0.614376,0.16208528,0.22349906,3.962157e-05,0.99996036
318,11.795,51614.74935650751,0.4774732621663229,-0.014100638488234243,-0.07232444667999775,neutral,Ti,0.6729046,0.18393365,0.14314918,1.2507872e-05,0.9999875
322,11.767,50510.555784855555,0.4599379766915148,-0.014100638488234243,-0.07232444667999775,neutral,Ti,0.67008704,0.115969256,0.21392348,2.0261627e-05,0.99997973
327,11.732,48797.20356635817,0.4467825566075151,-0.014100638488234243,-0.07232444667999775,neutral,Ti,0.86218673,0.05550068,0.082294345,1.8257757e-05,0.99998176
332,11.699,47619.65882389548,0.43981472956768386,-0.014100638488234243,-0.07232444667999775,neutral,Ti,0.7970547,0.03928339,0.16363767,2.4246025e-05,0.99997574
336,11.674,48129.743884442716,0.4487226317332295,-0.014100638488234243,-0.07232444667999775,neutral,Ti,0.6485034,0.03554558,0.31590298,4.8095797e-05,0.9999519
341,11.645,45248.416092782994,0.4186987084588715,-0.014100638488234243,-0.07232444667999775,neutral,Ti,0.86115974,0.068667494,0.07013203,4.0767936e-05,0.99995923
346,11.615,46179.03073059317,0.4299540814427777,-0.014100638488234243,-0.07232444667999775,neutral,Ti,0.6771832,0.18108523,0.14172184,9.62849e-06,0.99999034
350,11.592,45709.010942464476,0.42638463084196954,-0.014100638488234243,-0.07232444667999775,neutral,Ti,0.8413733,0.027489785,0.13111897,1.7990398e-05,0.999982
355,11.562,43877.331982697295,0.45111557116135104,-0.014100638488234243,-0.07232444667999775,neutral,Ti,0.8459931,0.014101659,0.1398812,2.4031531e-05,0.999976
360,11.531,45194.18406241207,0.44302119286188263,-0.014100638488234243,-0.07232444667999775,neutral,Ti,0.7765194,0.03734083,0.18610455,3.520021e-05,0.9999648
365,11.502,46934.40487435406,0.4547240237020643,-0.014100638488234243,-0.07232444667999775,neutral,Ti,0.90615565,0.033030074,0.06079681,1.7497707e-05,0.9999825
182,12.771,43066.6975099261,0.3649527767709833,-0.014100638488234243,-0.07232444667999775,neutral,Ti,0.5407093,0.23419271,0.22197448,0.003123437,0.99687654
186,12.743,43164.87794083467,0.35786182798375815,-0.014100638488234243,-0.07232444667999775,neutral,Ti,0.5648103,0.21571761,0.21763267,0.001839373,0.9981606
191,12.708,43380.19061172319,0.3586265567503296,-0.014100638488234243,-0.07232444667999775,neutral,Ti,0.34104207,0.2039584,0.4539419,0.0010575361,0.99894243
196,12.673,45532.59620050088,0.34121253270334945,-0.014100638488234243,-0.07232444667999775,neutral,Ti,0.48294157,0.30056074,0.21554776,0.00094996666,0.99905
200,12.644,45944.36984462745,0.33197657909217865,-0.014100638488234243,-0.07232444667999775,neutral,Ti,0.47518975,0.2923167,0.23213533,0.0003582235,0.9996418
205,12.608,47195.672313617026,0.35116703407494143,-0.014100638488234243,-0.07232444667999775,neutral,Ti,0.50311416,0.25051403,0.24630517,6.657257e-05,0.9999334
210,12.573,47980.138987119644,0.3535662269132027,-0.014100638488234243,-0.07232444667999775,neutral,Ti,0.5237984,0.2595312,0.21656567,0.00010473874,0.9998953
214,12.545,49167.410116109924,0.375348846823385,-0.014100638488234243,-0.07232444667999775,neutral,Ti,0.37067556,0.2464321,0.38284555,4.674992e-05,0.99995327
219,12.51,52538.96966601268,0.40525440298164866,-0.014100638488234243,-0.07232444667999775,neutral,Ti,0.4007189,0.22693735,0.37204713,0.00029657964,0.9997034
224,12.474,51371.22818246066,0.40210357260736845,-0.014100638488234243,-0.07232444667999775,neutral,Ti,0.47025263,0.3155938,0.2140742,7.933935e-05,0.99992067
228,12.446,52016.15912727599,0.404865662640742,-0.014100638488234243,-0.07232444667999775,neutral,Ti,0.38635057,0.2509488,0.36245576,0.00024497395,0.999755
233,12.411,50098.684904015245,0.43540298174715275,-0.014100638488234243,-0.07232444667999775,neutral,Ti,0.515503,0.23086785,0.25355744,7.173223e-05,0.9999283
238,12.375,49015.08415723153,0.4188857448778025,-0.014100638488234243,-0.07232444667999775,neutral,Ti,0.4376182,0.25380236,0.3084259,0.00015350762,0.9998465
243,12.337,48061.18165488479,0.4040088544884158,-0.014100638488234243,-0.07232444667999775,neutral,Ti,0.32846603,0.18301141,0.488455,6.7490786e-05,0.9999325
247,12.307,46996.11897253024,0.39383537180991185,-0.014100638488234243,-0.07232444667999775,neutral,Ti,0.42181194,0.16891079,0.4092227,5.4594893e-05,0.9999454
252,12.27,44183.070408445215,0.3709281810525436,-0.014100638488234243,-0.07232444667999775,neutral,Ti,0.54859006,0.24339066,0.20786095,0.00015834786,0.99984163
257,12.233,43135.87835428011,0.35627464282069515,-0.014100638488234243,-0.07232444667999775,neutral,Ti,0.53423905,0.1940483,0.27158007,0.00013246069,0.99986756
261,12.203,44209.889338191904,0.36526569661333463,-0.014100638488234243,-0.07232444667999775,neutral,Ti,0.47822338,0.19756925,0.3241735,3.3890938e-05,0.9999661
266,12.165,43479.23318605701,0.35723520527457175,-0.014100638488234243,-0.07232444667999775,neutral,Ti,0.5031684,0.3123308,0.18444657,5.4136282e-05,0.9999459
271,12.127,46027.3268836622,0.32707144499800284,-0.014100638488234243,-0.07232444667999775,neutral,Ti,0.4337212,0.33875853,0.2274943,2.5996665e-05,0.999974
275,12.097,46403.40667861204,0.33344588502046746,-0.014100638488234243,-0.07232444667999775,neutral,Ti,0.5698701,0.31402934,0.11609331,7.2058488e-06,0.9999928
280,12.06,47046.749421348075,0.3563490983998566,-0.014100638488234243,-0.07232444667999775,neutral,Ti,0.51329464,0.30273053,0.18397118,3.6516751e-06,0.99999636
285,12.024,48492.180147527724,0.369154238572887,-0.014100638488234243,-0.07232444667999775,neutral,Ti,0.4237634,0.2459239,0.3303113,1.4352952e-06,0.99999857
289,11.997,51519.253423925904,0.3773388347475245,-0.014100638488234243,-0.07232444667999775,neutral,Ti,0.55425197,0.28596225,0.15976627,1.9491432e-05,0.9999805
294,11.962,52555.334116455735,0.4047375055625498,-0.014100638488234243,-0.07232444667999775,neutral,Ti,0.53187126,0.16976988,0.29834986,8.949727e-06,0.99999106
299,11.928,51777.56560838138,0.39694216471949917,-0.014100638488234243,-0.07232444667999775,neutral,Ti,0.48656765,0.25446096,0.2589557,1.5617445e-05,0.9999844
304,11.893,49791.40845169453,0.4212267976152017,-0.014100638488234243,-0.07232444667999775,neutral,Ti,0.5846777,0.15792657,0.2573815,1.4290341e-05,0.9999857
308,11.865,49205.29379632116,0.42383335359167407,-0.014100638488234243,-0.07232444667999775,neutral,Ti,0.6514091,0.20464183,0.14394629,2.7445255e-06,0.99999726
313,11.83,48114.183151680954,0.40984932996301926,-0.014100638488234243,-0.07232444667999775,neutral,Ti,0.5843722,0.09893306,0.3166844,1.03354005e-05,0.9999897
318,11.795,47119.66873922479,0.410243068322045,-0.014100638488234243,-0.07232444667999775,neutral,Ti,0.7289624,0.06762526,0.20340303,9.263492e-06,0.99999076
322,11.767,46446.892038386235,0.38872626093304846,-0.014100638488234243,-0.07232444667999775,neutral,Ti,0.82195437,0.06484693,0.11317665,2.211823e-05,0.9999779
327,11.732,43072.20112298236,0.3640079080694783,-0.014100638488234243,-0.07232444667999775,neutral,Ti,0.8642016,0.065443225,0.07033904,1.6196896e-05,0.9999838
332,11.699,43164.87794083467,0.35786182798375815,-0.014100638488234243,-0.07232444667999775,neutral,Ti,0.8467393,0.035473794,0.11777794,9.023507e-06,0.999991
336,11.674,43861.90734422051,0.36275907302293353,-0.014100638488234243,-0.07232444667999775,neutral,Ti,0.7214113,0.07607024,0.20250568,1.2686658e-05,0.9999873
341,11.645,45637.88580024582,0.33398804233682766,-0.014100638488234243,-0.07232444667999775,neutral,Ti,0.7513084,0.09787852,0.15079753,1.5559817e-05,0.99998444
346,11.615,45944.36984462745,0.33197657909217865,-0.014100638488234243,-0.07232444667999775,neutral,Ti,0.8271264,0.1419474,0.03092162,4.6016207e-06,0.9999954
350,11.592,46997.22408204323,0.3444160101060333,-0.014100638488234243,-0.07232444667999775,neutral,Ti,0.79510945,0.14465734,0.060232658,5.259458e-07,0.99999946
355,11.562,48081.2110622665,0.3497517471131127,-0.014100638488234243,-0.07232444667999775,neutral,Ti,0.8680642,0.08654016,0.04539112,4.4612216e-06,0.9999955
360,11.531,49167.410116109924,0.375348846823385,-0.014100638488234243,-0.07232444667999775,neutral,Ti,0.7558763,0.073416315,0.17070061,6.797321e-06,0.9999932
365,11.502,52538.96966601268,0.40525440298164866,-0.014100638488234243,-0.07232444667999775,neutral,Ti,0.86263335,0.05642762,0.080918744,2.0264692e-05,0.99997973
182,12.771,48885.36727567675,0.4293514456252181,-0.014100638488234243,-0.07232444667999775,neutral,Ti,0.29042903,0.31134304,0.39729735,0.0009305833,0.9990694
186,12.743,50101.72690589229,0.4428794159316057,-0.014100638488234243,-0.07232444667999775,neutral,Ti,0.33146772,0.29504958,0.37324023,0.00024248147,0.9997575
191,12.708,49538.56490070593,0.45556981680600905,-0.014100638488234243,-0.07232444667999775,neutral,Ti,0.38982865,0.25689673,0.35285586,0.00041874844,0.9995813
196,12.673,51074.25718312386,0.440534954914126,-0.014100638488234243,-0.07232444667999775,neutral,Ti,0.43871912,0.21297021,0.3480538,0.00025694456,0.99974304
200,12.644,50873.13586404885,0.4612978992777865,-0.014100638488234243,-0.07232444667999775,neutral,Ti,0.28854194,0.2106433,0.50057673,0.00023806446,0.99976194
205,12.608,50869.1080969062,0.4727738750982077,-0.014100638488234243,-0.07232444667999775,neutral,Ti,0.31715077,0.1933527,0.48929924,0.00019729,0.9998027
210,12.573,50651.79446447775,0.4678258484968077,-0.014100638488234243,-0.07232444667999775,neutral,Ti,0.35394043,0.1894126,0.45637083,0.000276137,0.99972385
214,12.545,46138.261659206815,0.42734648467477815,-0.014100638488234243,-0.07232444667999775,neutral,Ti,0.48619962,0.2559549,0.25763392,0.00021152523,0.99978846
219,12.51,46098.43791195853,0.4208491316319754,-0.014100638488234243,-0.07232444667999775,neutral,Ti,0.45581388,0.16895199,0.37506646,0.00016765224,0.99983233
224,12.474,44975.74363543047,0.4107182735583547,-0.014100638488234243,-0.07232444667999775,neutral,Ti,0.49156946,0.25681534,0.2515324,8.281192e-05,0.9999172
228,12.446,44982.4853403471,0.415607347558507,-0.014100638488234243,-0.07232444667999775,neutral,Ti,0.41158703,0.3127382,0.27561527,5.9471447e-05,0.9999405
233,12.411,44478.796108585455,0.41693061587752483,-0.014100638488234243,-0.07232444667999775,neutral,Ti,0.46464103,0.20474435,0.3305114,0.000103199796,0.9998968
238,12.375,44305.73032726008,0.3974106507609041,-0.014100638488234243,-0.07232444667999775,neutral,Ti,0.32844138,0.23025252,0.44127342,3.257465e-05,0.9999674
243,12.337,44830.78269895892,0.3834662671152889,-0.014100638488234243,-0.07232444667999775,neutral,Ti,0.3234907,0.2678907,0.4085929,2.5627041e-05,0.99997437
247,12.307,44857.17374419401,0.3762048229383846,-0.014100638488234243,-0.07232444667999775,neutral,Ti,0.30157852,0.26038754,0.4380144,1.9479505e-05,0.9999805
252,12.27,49297.63696231243,0.42697314208486625,-0.014100638488234243,-0.07232444667999775,neutral,Ti,0.40514582,0.23326278,0.36155978,3.164047e-05,0.99996835
257,12.233,49316.84802924038,0.4304169165693391,-0.014100638488234243,-0.07232444667999775,neutral,Ti,0.52260035,0.2007759,0.27659494,2.8857123e-05,0.99997115
261,12.203,50096.04175590826,0.45967232804900987,-0.014100638488234243,-0.07232444667999775,neutral,Ti,0.37166983,0.34739584,0.28091767,1.6694434e-05,0.9999833
266,12.165,50660.22430683874,0.43671459109244204,-0.014100638488234243,-0.07232444667999775,neutral,Ti,0.3901879,0.3473261,0.2624809,5.0764274e-06,0.99999493
271,12.127,50929.32318419864,0.4527550885223454,-0.014100638488234243,-0.07232444667999775,neutral,Ti,0.6189336,0.20445307,0.17659084,2.2457327e-05,0.9999775
275,12.097,50978.020666950164,0.46820405425171296,-0.014100638488234243,-0.07232444667999775,neutral,Ti,0.3753116,0.11052221,0.5141614,4.709239e-06,0.9999953
280,12.06,50712.06477285609,0.46735448953757275,-0.014100638488234243,-0.07232444667999775,neutral,Ti,0.41541812,0.07540445,0.50915617,2.1246737e-05,0.9999788
285,12.024,48060.292943014574,0.4402270331146781,-0.014100638488234243,-0.07232444667999775,neutral,Ti,0.7925763,0.15542208,0.05199027,1.1344325e-05,0.9999887
289,11.997,45871.53542340893,0.4204725544210269,-0.014100638488234243,-0.07232444667999775,neutral,Ti,0.678782,0.19481876,0.12638628,1.284693e-05,0.9999871
294,11.962,45341.971501333785,0.4115229037073798,-0.014100638488234243,-0.07232444667999775,neutral,Ti,0.67637575,0.19139883,0.13221541,9.990642e-06,0.99999
299,11.928,45593.593630498945,0.39486400735654603,-0.014100638488234243,-0.07232444667999775,neutral,Ti,0.6394598,0.122084565,0.2384482,7.4000736e-06,0.9999926
304,11.893,44274.2540054877,0.41259066892200197,-0.014100638488234243,-0.07232444667999775,neutral,Ti,0.746104,0.15279001,0.101100326,5.645684e-06,0.99999434
308,11.865,44017.91276467559,0.41210131355982704,-0.014100638488234243,-0.07232444667999775,neutral,Ti,0.621752,0.2197955,0.15844831,4.1383237e-06,0.9999959
313,11.83,44757.76772817641,0.38296503281665256,-0.014100638488234243,-0.07232444667999775,neutral,Ti,0.76848406,0.1679096,0.0635977,8.6672135e-06,0.99999136
318,11.795,44754.63597218159,0.38404457216507787,-0.014100638488234243,-0.07232444667999775,neutral,Ti,0.38037845,0.14830686,0.47131294,1.6819856e-06,0.99999833
322,11.767,46648.560039688346,0.3961358131916037,-0.014100638488234243,-0.07232444667999775,neutral,Ti,0.6987572,0.13699816,0.16423985,4.8458137e-06,0.9999952
327,11.732,49242.340726207476,0.4310054139238191,-0.014100638488234243,-0.07232444667999775,neutral,Ti,0.5637068,0.08593517,0.3503431,1.4914736e-05,0.9999851
332,11.699,50101.72690589229,0.4428794159316057,-0.014100638488234243,-0.07232444667999775,neutral,Ti,0.7874726,0.060079716,0.15244284,4.9070245e-06,0.9999951
336,11.674,49539.68320582669,0.4571409748043948,-0.014100638488234243,-0.07232444667999775,neutral,Ti,0.523355,0.07708071,0.3995554,8.839409e-06,0.9999912
341,11.645,51040.60964139328,0.4398295365483258,-0.014100638488234243,-0.07232444667999775,neutral,Ti,0.7522106,0.051365025,0.19642028,4.003051e-06,0.999996
346,11.615,50873.13586404885,0.4612978992777865,-0.014100638488234243,-0.07232444667999775,neutral,Ti,0.63382053,0.027947241,0.3382147,1.7556067e-05,0.9999824
350,11.592,50848.03680444223,0.4720046225749118,-0.014100638488234243,-0.07232444667999775,neutral,Ti,0.77953506,0.04592897,0.17452906,6.999695e-06,0.999993
355,11.562,50945.98738440556,0.4723596100227981,-0.014100638488234243,-0.07232444667999775,neutral,Ti,0.79261494,0.029062778,0.17831022,1.19824535e-05,0.999988
360,11.531,46138.261659206815,0.42734648467477815,-0.014100638488234243,-0.07232444667999775,neutral,Ti,0.8807232,0.0976284,0.021643339,5.185541e-06,0.9999948
365,11.502,46098.43791195853,0.4208491316319754,-0.014100638488234243,-0.07232444667999775,neutral,Ti,0.755285,0.03714463,0.20755796,1.2296878e-05,0.9999877
